Loess_Tablelands_Python_scripts/og_surf4.txt
ncols         626
nrows         626
xllcorner     0
yllcorner     0
cellsize      10.0
NODATA_value  -9999
[rows 112 to 139 of 626, columns 0 to 62 of 626]
1184.244 1184.212 1184.181 1184.185 1184.253 1184.362 1184.51 1184.709 1184.951 1185.225 1185.538 1185.867 1186.191 1186.496 1186.7 1186.686 1186.466 1186.12 1185.785 1185.534 1185.341 1185.217 1185.234 1185.243 1185.29 1185.388 1185.496 1185.65 1185.858 1186.111 1186.397 1186.714 1187.048 1187.355 1187.63 1187.871 1188.101 1188.327 1188.449 1188.318 1187.926 1187.415 1186.89 1186.357 1185.803 1185.268 1184.86 1184.519 1184.193 1183.906 1183.68 1183.508 1183.362 1183.197 1183.055 1183.05 1183.087 1183.122 1183.176 1183.259 1183.366 1183.481 1183.552
1184.202 1184.145 1184.074 1184.017 1184.039 1184.135 1184.266 1184.442 1184.654 1184.909 1185.196 1185.503 1185.837 1186.182 1186.461 1186.546 1186.398 1186.094 1185.769 1185.508 1185.312 1185.14 1185.057 1185.028 1185.099 1185.215 1185.332 1185.473 1185.655 1185.886 1186.159 1186.469 1186.796 1187.107 1187.377 1187.594 1187.792 1187.994 1188.159 1188.17 1187.929 1187.509 1187.015 1186.478 1185.932 1185.473 1185.075 1184.687 1184.309 1183.977 1183.701 1183.494 1183.34 1183.199 1183.025 1182.913 1182.911 1182.943 1182.987 1183.071 1183.191 1183.317 1183.399
1184.208 1184.13 1184.035 1183.921 1183.834 1183.887 1184.035 1184.215 1184.405 1184.633 1184.896 1185.187 1185.512 1185.862 1186.173 1186.335 1186.281 1186.047 1185.752 1185.489 1185.294 1185.121 1184.966 1184.855 1184.893 1185.032 1185.178 1185.308 1185.462 1185.67 1185.93 1186.229 1186.55 1186.863 1187.131 1187.348 1187.528 1187.708 1187.891 1188.002 1187.89 1187.558 1187.089 1186.59 1186.127 1185.703 1185.293 1184.882 1184.476 1184.105 1183.769 1183.509 1183.326 1183.191 1183.053 1182.888 1182.765 1182.731 1182.751 1182.831 1183.001 1183.163 1183.223
1184.264 1184.168 1184.066 1183.958 1183.808 1183.695 1183.794 1183.997 1184.159 1184.354 1184.589 1184.856 1185.168 1185.503 1185.824 1186.052 1186.111 1185.974 1185.721 1185.461 1185.26 1185.103 1184.955 1184.788 1184.713 1184.844 1185.02 1185.14 1185.274 1185.464 1185.712 1186.008 1186.33 1186.639 1186.91 1187.127 1187.303 1187.47 1187.652 1187.813 1187.817 1187.572 1187.174 1186.752 1186.317 1185.884 1185.468 1185.054 1184.637 1184.238 1183.86 1183.551 1183.325 1183.163 1183.042 1182.919 1182.761 1182.6 1182.508 1182.519 1182.732 1182.954 1183.019
1184.357 1184.228 1184.095 1183.953 1183.794 1183.614 1183.599 1183.783 1183.926 1184.08 1184.274 1184.513 1184.8 1185.114 1185.436 1185.717 1185.881 1185.85 1185.653 1185.402 1185.189 1185.033 1184.914 1184.78 1184.604 1184.648 1184.842 1184.959 1185.075 1185.246 1185.472 1185.749 1186.059 1186.374 1186.653 1186.881 1187.062 1187.224 1187.396 1187.568 1187.639 1187.531 1187.273 1186.902 1186.452 1186.004 1185.58 1185.167 1184.749 1184.327 1183.926 1183.588 1183.319 1183.111 1182.966 1182.859 1182.764 1182.655 1182.521 1182.368 1182.431 1182.697 1182.799
1184.532 1184.366 1184.19 1184.004 1183.809 1183.593 1183.47 1183.593 1183.717 1183.831 1183.984 1184.187 1184.441 1184.729 1185.044 1185.356 1185.599 1185.67 1185.541 1185.318 1185.099 1184.938 1184.82 1184.702 1184.513 1184.494 1184.685 1184.792 1184.887 1185.031 1185.226 1185.476 1185.787 1186.111 1186.388 1186.624 1186.812 1186.969 1187.118 1187.261 1187.389 1187.44 1187.321 1186.993 1186.547 1186.092 1185.655 1185.235 1184.82 1184.392 1183.969 1183.602 1183.303 1183.059 1182.89 1182.768 1182.671 1182.59 1182.498 1182.323 1182.241 1182.458 1182.597
1184.773 1184.58 1184.368 1184.136 1183.894 1183.641 1183.419 1183.407 1183.505 1183.605 1183.729 1183.895 1184.11 1184.369 1184.665 1184.983 1185.27 1185.437 1185.399 1185.227 1185.02 1184.852 1184.734 1184.613 1184.402 1184.38 1184.565 1184.651 1184.733 1184.85 1185.015 1185.238 1185.528 1185.853 1186.134 1186.369 1186.552 1186.693 1186.808 1186.954 1187.144 1187.297 1187.281 1187.04 1186.632 1186.184 1185.739 1185.312 1184.891 1184.454 1184.022 1183.629 1183.301 1183.03 1182.828 1182.685 1182.581 1182.501 1182.426 1182.276 1182.134 1182.271 1182.427
1185.002 1184.805 1184.584 1184.316 1184.02 1183.732 1183.461 1183.29 1183.309 1183.399 1183.507 1183.638 1183.809 1184.036 1184.305 1184.604 1184.901 1185.139 1185.208 1185.117 1184.947 1184.774 1184.646 1184.518 1184.296 1184.252 1184.434 1184.52 1184.58 1184.67 1184.807 1185.002 1185.267 1185.582 1185.867 1186.1 1186.27 1186.381 1186.5 1186.687 1186.91 1187.098 1187.179 1187.052 1186.729 1186.316 1185.875 1185.433 1184.991 1184.547 1184.099 1183.678 1183.314 1183.018 1182.784 1182.616 1182.494 1182.404 1182.335 1182.214 1182.061 1182.121 1182.279
1185.155 1184.942 1184.709 1184.43 1184.109 1183.798 1183.521 1183.284 1183.182 1183.215 1183.308 1183.407 1183.537 1183.73 1183.965 1184.232 1184.522 1184.789 1184.954 1184.97 1184.851 1184.69 1184.55 1184.428 1184.199 1184.11 1184.297 1184.388 1184.431 1184.497 1184.604 1184.771 1185.005 1185.293 1185.573 1185.799 1185.946 1186.061 1186.233 1186.437 1186.65 1186.862 1187.02 1187.023 1186.827 1186.485 1186.056 1185.601 1185.14 1184.674 1184.2 1183.747 1183.343 1183.012 1182.753 1182.554 1182.402 1182.295 1182.229 1182.133 1181.997 1182.003 1182.15
1185.229 1184.984 1184.718 1184.433 1184.12 1183.805 1183.533 1183.311 1183.139 1183.078 1183.127 1183.199 1183.293 1183.438 1183.631 1183.868 1184.131 1184.384 1184.599 1184.704 1184.669 1184.557 1184.436 1184.317 1184.083 1183.971 1184.178 1184.268 1184.295 1184.34 1184.419 1184.553 1184.747 1184.994 1185.249 1185.45 1185.599 1185.787 1185.982 1186.177 1186.389 1186.615 1186.831 1186.949 1186.894 1186.651 1186.258 1185.8 1185.321 1184.84 1184.344 1183.856 1183.416 1183.049 1182.752 1182.515 1182.328 1182.194 1182.115 1182.035 1181.933 1181.915 1182.043
1185.236 1184.971 1184.664 1184.343 1184.029 1183.735 1183.484 1183.286 1183.131 1183.02 1182.996 1183.031 1183.085 1183.172 1183.314 1183.505 1183.734 1183.975 1184.196 1184.354 1184.407 1184.359 1184.283 1184.172 1183.93 1183.827 1184.065 1184.144 1184.155 1184.181 1184.239 1184.338 1184.489 1184.688 1184.896 1185.08 1185.295 1185.513 1185.703 1185.903 1186.113 1186.351 1186.607 1186.819 1186.897 1186.766 1186.436 1185.99 1185.501 1185.003 1184.487 1183.979 1183.512 1183.109 1182.771 1182.498 1182.283 1182.119 1182.014 1181.935 1181.86 1181.84 1181.953
1185.222 1184.949 1184.605 1184.237 1183.904 1183.634 1183.418 1183.238 1183.095 1182.991 1182.924 1182.913 1182.918 1182.941 1183.007 1183.145 1183.33 1183.537 1183.76 1183.952 1184.059 1184.079 1184.06 1183.97 1183.732 1183.665 1183.906 1183.981 1183.989 1184.003 1184.046 1184.115 1184.229 1184.382 1184.558 1184.789 1185.025 1185.228 1185.425 1185.615 1185.83 1186.079 1186.361 1186.643 1186.834 1186.822 1186.573 1186.149 1185.658 1185.151 1184.63 1184.111 1183.617 1183.176 1182.797 1182.491 1182.251 1182.067 1181.94 1181.849 1181.782 1181.759 1181.872
1185.236 1184.954 1184.6 1184.24 1183.924 1183.673 1183.455 1183.25 1183.089 1182.972 1182.882 1182.855 1182.858 1182.84 1182.845 1182.931 1183.067 1183.242 1183.442 1183.636 1183.773 1183.841 1183.858 1183.79 1183.548 1183.508 1183.743 1183.824 1183.84 1183.846 1183.87 1183.912 1184.002 1184.136 1184.309 1184.506 1184.714 1184.929 1185.117 1185.3 1185.514 1185.766 1186.071 1186.403 1186.681 1186.78 1186.629 1186.252 1185.776 1185.281 1184.775 1184.253 1183.737 1183.257 1182.835 1182.482 1182.213 1182.018 1181.883 1181.786 1181.722 1181.696 1181.806
1185.276 1185.007 1184.696 1184.379 1184.087 1183.813 1183.544 1183.291 1183.094 1182.952 1182.846 1182.786 1182.792 1182.766 1182.741 1182.792 1182.888 1183.033 1183.205 1183.393 1183.551 1183.653 1183.698 1183.658 1183.415 1183.375 1183.661 1183.76 1183.78 1183.784 1183.79 1183.809 1183.876 1183.979 1184.104 1184.255 1184.421 1184.612 1184.802 1184.985 1185.188 1185.435 1185.747 1186.098 1186.429 1186.623 1186.581 1186.279 1185.85 1185.388 1184.906 1184.398 1183.877 1183.36 1182.884 1182.482 1182.174 1181.958 1181.816 1181.72 1181.659 1181.646 1181.749
1185.275 1185.059 1184.822 1184.565 1184.252 1183.907 1183.594 1183.32 1183.097 1182.929 1182.807 1182.733 1182.719 1182.698 1182.655 1182.668 1182.73 1182.836 1182.98 1183.154 1183.321 1183.443 1183.515 1183.506 1183.291 1183.231 1183.578 1183.693 1183.711 1183.71 1183.703 1183.713 1183.757 1183.823 1183.908 1184.029 1184.164 1184.316 1184.495 1184.677 1184.872 1185.105 1185.401 1185.738 1186.084 1186.34 1186.401 1186.203 1185.858 1185.45 1185.01 1184.529 1184.007 1183.457 1182.932 1182.487 1182.143 1181.907 1181.755 1181.652 1181.596 1181.595 1181.69
1185.285 1185.151 1184.985 1184.736 1184.388 1184.017 1183.678 1183.378 1183.123 1182.923 1182.78 1182.696 1182.656 1182.637 1182.589 1182.562 1182.59 1182.65 1182.759 1182.906 1183.066 1183.2 1183.291 1183.299 1183.126 1183.073 1183.448 1183.576 1183.596 1183.598 1183.591 1183.592 1183.615 1183.655 1183.712 1183.807 1183.933 1184.065 1184.211 1184.38 1184.566 1184.785 1185.047 1185.35 1185.673 1185.952 1186.089 1186.012 1185.774 1185.439 1185.055 1184.601 1184.079 1183.515 1182.952 1182.465 1182.103 1181.857 1181.689 1181.582 1181.536 1181.548 1181.637
1185.32 1185.224 1185.076 1184.848 1184.53 1184.167 1183.808 1183.476 1183.187 1182.954 1182.784 1182.673 1182.605 1182.578 1182.541 1182.494 1182.482 1182.503 1182.574 1182.686 1182.825 1182.963 1183.055 1183.056 1182.917 1182.982 1183.34 1183.444 1183.471 1183.477 1183.474 1183.468 1183.473 1183.491 1183.534 1183.608 1183.714 1183.835 1183.961 1184.103 1184.273 1184.476 1184.709 1184.975 1185.256 1185.526 1185.704 1185.728 1185.599 1185.344 1185.004 1184.569 1184.058 1183.486 1182.906 1182.408 1182.041 1181.788 1181.619 1181.516 1181.493 1181.509 1181.585
1185.357 1185.24 1185.088 1184.892 1184.633 1184.312 1183.959 1183.605 1183.285 1183.024 1182.827 1182.684 1182.58 1182.525 1182.492 1182.45 1182.407 1182.395 1182.431 1182.505 1182.614 1182.732 1182.822 1182.804 1182.746 1182.993 1183.24 1183.321 1183.357 1183.362 1183.361 1183.349 1183.344 1183.346 1183.379 1183.435 1183.515 1183.618 1183.738 1183.862 1184.005 1184.188 1184.403 1184.643 1184.888 1185.128 1185.31 1185.4 1185.354 1185.164 1184.848 1184.426 1183.93 1183.375 1182.812 1182.327 1181.964 1181.709 1181.551 1181.458 1181.455 1181.47 1181.533
1185.389 1185.239 1185.079 1184.903 1184.691 1184.422 1184.108 1183.756 1183.415 1183.13 1182.907 1182.732 1182.594 1182.493 1182.436 1182.402 1182.359 1182.317 1182.322 1182.373 1182.453 1182.55 1182.62 1182.607 1182.719 1182.974 1183.125 1183.209 1183.25 1183.258 1183.253 1183.24 1183.227 1183.22 1183.242 1183.274 1183.336 1183.419 1183.529 1183.653 1183.772 1183.927 1184.127 1184.353 1184.576 1184.783 1184.953 1185.068 1185.061 1184.903 1184.607 1184.2 1183.725 1183.201 1182.673 1182.215 1181.87 1181.627 1181.479 1181.401 1181.411 1181.429 1181.485
1185.432 1185.243 1185.069 1184.898 1184.711 1184.49 1184.232 1183.918 1183.582 1183.277 1183.017 1182.798 1182.629 1182.497 1182.392 1182.33 1182.3 1182.248 1182.213 1182.269 1182.352 1182.437 1182.476 1182.508 1182.704 1182.891 1183.009 1183.096 1183.144 1183.157 1183.148 1183.13 1183.107 1183.095 1183.096 1183.099 1183.163 1183.24 1183.337 1183.447 1183.571 1183.705 1183.875 1184.088 1184.307 1184.501 1184.661 1184.766 1184.76 1184.607 1184.318 1183.926 1183.475 1182.986 1182.508 1182.091 1181.771 1181.546 1181.412 1181.345 1181.365 1181.39 1181.442
1185.457 1185.233 1185.036 1184.858 1184.683 1184.498 1184.293 1184.043 1183.751 1183.443 1183.145 1182.883 1182.677 1182.526 1182.401 1182.296 1182.232 1182.194 1182.134 1182.17 1182.276 1182.352 1182.372 1182.442 1182.613 1182.758 1182.877 1182.968 1183.027 1183.042 1183.031 1183.004 1182.968 1182.945 1182.92 1182.894 1182.972 1183.062 1183.152 1183.243 1183.361 1183.508 1183.661 1183.836 1184.046 1184.25 1184.41 1184.497 1184.471 1184.307 1184.016 1183.634 1183.208 1182.758 1182.332 1181.964 1181.674 1181.472 1181.349 1181.29 1181.324 1181.353 1181.4
1185.464 1185.207 1184.977 1184.781 1184.606 1184.437 1184.263 1184.068 1183.835 1183.555 1183.259 1182.975 1182.736 1182.552 1182.409 1182.291 1182.195 1182.135 1182.075 1182.079 1182.201 1182.269 1182.285 1182.344 1182.444 1182.569 1182.697 1182.799 1182.873 1182.894 1182.882 1182.848 1182.799 1182.766 1182.736 1182.686 1182.751 1182.856 1182.933 1183.018 1183.13 1183.268 1183.427 1183.59 1183.775 1183.983 1184.151 1184.227 1184.182 1184.005 1183.712 1183.337 1182.933 1182.52 1182.138 1181.816 1181.564 1181.389 1181.281 1181.241 1181.289 1181.312 1181.359
1185.468 1185.18 1184.919 1184.703 1184.517 1184.351 1184.198 1184.042 1183.858 1183.626 1183.353 1183.066 1182.81 1182.598 1182.428 1182.291 1182.182 1182.1 1182.033 1182.009 1182.123 1182.183 1182.204 1182.222 1182.254 1182.349 1182.472 1182.583 1182.667 1182.701 1182.694 1182.659 1182.609 1182.579 1182.557 1182.495 1182.522 1182.633 1182.697 1182.767 1182.867 1183.002 1183.17 1183.342 1183.511 1183.694 1183.861 1183.937 1183.881 1183.696 1183.402 1183.039 1182.654 1182.276 1181.931 1181.645 1181.428 1181.288 1181.211 1181.203 1181.253 1181.272 1181.323
1185.476 1185.167 1184.877 1184.63 1184.428 1184.267 1184.128 1183.993 1183.849 1183.668 1183.436 1183.168 1182.901 1182.663 1182.466 1182.311 1182.191 1182.09 1182.006 1181.957 1182.046 1182.102 1182.124 1182.106 1182.092 1182.143 1182.237 1182.339 1182.426 1182.475 1182.483 1182.466 1182.426 1182.392 1182.381 1182.317 1182.318 1182.425 1182.484 1182.541 1182.629 1182.761 1182.917 1183.086 1183.264 1183.417 1183.548 1183.62 1183.571 1183.391 1183.102 1182.756 1182.39 1182.045 1181.735 1181.486 1181.306 1181.197 1181.157 1181.17 1181.208 1181.23 1181.284
1185.498 1185.172 1184.854 1184.572 1184.354 1184.186 1184.05 1183.93 1183.814 1183.675 1183.501 1183.271 1183.012 1182.757 1182.535 1182.355 1182.215 1182.101 1182.001 1181.919 1181.967 1182.022 1182.035 1182.001 1181.968 1181.974 1182.019 1182.094 1182.17 1182.227 1182.256 1182.259 1182.233 1182.206 1182.203 1182.154 1182.139 1182.233 1182.293 1182.344 1182.428 1182.542 1182.678 1182.84 1183.024 1183.158 1183.243 1183.286 1183.254 1183.095 1182.829 1182.504 1182.163 1181.845 1181.568 1181.35 1181.199 1181.119 1181.113 1181.15 1181.177 1181.191 1181.252
1185.511 1185.173 1184.834 1184.537 1184.3 1184.115 1183.972 1183.855 1183.753 1183.644 1183.514 1183.337 1183.112 1182.86 1182.618 1182.414 1182.253 1182.126 1182.015 1181.898 1181.881 1181.931 1181.929 1181.899 1181.864 1181.842 1181.84 1181.87 1181.921 1181.974 1182.013 1182.035 1182.03 1182.007 1182.015 1181.996 1181.982 1182.058 1182.122 1182.17 1182.243 1182.339 1182.459 1182.609 1182.778 1182.903 1182.963 1182.96 1182.92 1182.793 1182.571 1182.283 1181.973 1181.679 1181.43 1181.244 1181.12 1181.068 1181.075 1181.103 1181.136 1181.155 1181.22
1185.508 1185.164 1184.823 1184.51 1184.253 1184.053 1183.899 1183.784 1183.683 1183.592 1183.489 1183.363 1183.182 1182.953 1182.704 1182.483 1182.304 1182.16 1182.036 1181.898 1181.804 1181.833 1181.826 1181.796 1181.766 1181.744 1181.719 1181.714 1181.729 1181.759 1181.791 1181.823 1181.833 1181.826 1181.838 1181.847 1181.844 1181.897 1181.962 1182.003 1182.063 1182.149 1182.254 1182.385 1182.529 1182.644 1182.702 1182.672 1182.585 1182.475 1182.312 1182.074 1181.801 1181.535 1181.31 1181.147 1181.054 1181.036 1181.042 1181.058 1181.1 1181.126 1181.19
1185.506 1185.154 1184.798 1184.471 1184.199 1183.987 1183.826 1183.707 1183.61 1183.53 1183.448 1183.355 1183.218 1183.026 1182.793 1182.562 1182.367 1182.202 1182.062 1181.923 1181.771 1181.741 1181.751 1181.72 1181.683 1181.655 1181.626 1181.602 1181.594 1181.597 1181.614 1181.638 1181.658 1181.666 1181.684 1181.707 1181.722 1181.753 1181.801 1181.838 1181.889 1181.964 1182.055 1182.167 1182.288 1182.394 1182.451 1182.432 1182.324 1182.171 1182.031 1181.856 1181.634 1181.406 1181.205 1181.067 1181.002 1180.997 1181 1181.024 1181.075 1181.098 1181.163
