Loess_Tablelands_Python_scripts/og_surf4.txt
ncols         626
nrows         626
xllcorner     0
yllcorner     0
cellsize      10.0
NODATA_value  -9999
[rows 140 to 167 of 626, columns 63 to 125 of 626]
1181.123 1180.968 1180.868 1180.831 1180.823 1180.824 1180.824 1180.829 1180.851 1180.917 1181.031 1181.186 1181.395 1181.674 1182.037 1182.48 1182.979 1183.55 1184.136 1184.691 1185.258 1185.839 1186.403 1186.854 1187.141 1187.247 1187.138 1186.934 1186.78 1186.696 1186.678 1186.707 1186.769 1186.807 1186.827 1186.874 1186.952 1187.065 1187.215 1187.421 1187.666 1187.817 1187.929 1188.126 1188.355 1188.524 1188.474 1188.081 1187.489 1186.882 1186.391 1186.07 1185.916 1185.844 1185.823 1185.844 1185.887 1185.989 1186.192 1186.504 1186.918 1187.41 1187.889
1181.103 1180.944 1180.836 1180.796 1180.786 1180.788 1180.797 1180.799 1180.816 1180.876 1180.978 1181.113 1181.296 1181.545 1181.868 1182.27 1182.745 1183.278 1183.858 1184.435 1185.006 1185.603 1186.253 1186.842 1187.29 1187.545 1187.426 1187.17 1186.975 1186.845 1186.796 1186.804 1186.835 1186.854 1186.869 1186.909 1186.975 1187.067 1187.199 1187.39 1187.612 1187.713 1187.767 1187.908 1188.118 1188.326 1188.393 1188.171 1187.689 1187.094 1186.554 1186.173 1185.973 1185.876 1185.843 1185.857 1185.893 1185.987 1186.161 1186.42 1186.754 1187.149 1187.604
1181.075 1180.916 1180.796 1180.757 1180.746 1180.741 1180.754 1180.761 1180.784 1180.844 1180.927 1181.041 1181.205 1181.416 1181.7 1182.078 1182.524 1183.034 1183.609 1184.184 1184.754 1185.374 1186.084 1186.74 1187.292 1187.698 1187.607 1187.385 1187.245 1187.105 1186.996 1186.952 1186.928 1186.92 1186.941 1186.983 1187.033 1187.098 1187.203 1187.378 1187.583 1187.64 1187.649 1187.726 1187.881 1188.07 1188.196 1188.133 1187.814 1187.306 1186.763 1186.324 1186.059 1185.927 1185.876 1185.881 1185.914 1185.999 1186.149 1186.365 1186.647 1187 1187.468
1181.052 1180.893 1180.765 1180.729 1180.73 1180.72 1180.721 1180.733 1180.76 1180.809 1180.875 1180.98 1181.123 1181.299 1181.558 1181.915 1182.332 1182.825 1183.374 1183.921 1184.494 1185.16 1185.928 1186.596 1187.171 1187.686 1187.693 1187.539 1187.516 1187.42 1187.235 1187.146 1187.1 1187.073 1187.083 1187.085 1187.092 1187.129 1187.204 1187.358 1187.558 1187.593 1187.565 1187.585 1187.672 1187.808 1187.938 1187.987 1187.851 1187.495 1187.014 1186.547 1186.202 1186.012 1185.924 1185.909 1185.938 1186.003 1186.121 1186.288 1186.524 1186.853 1187.299
1181.038 1180.878 1180.748 1180.715 1180.712 1180.707 1180.715 1180.729 1180.738 1180.772 1180.832 1180.927 1181.047 1181.205 1181.44 1181.766 1182.158 1182.624 1183.136 1183.659 1184.245 1184.969 1185.823 1186.546 1187.112 1187.665 1187.804 1187.653 1187.597 1187.531 1187.37 1187.268 1187.239 1187.248 1187.252 1187.22 1187.223 1187.239 1187.269 1187.373 1187.544 1187.558 1187.503 1187.485 1187.511 1187.581 1187.683 1187.79 1187.816 1187.65 1187.288 1186.83 1186.405 1186.125 1185.982 1185.934 1185.94 1185.983 1186.068 1186.201 1186.408 1186.721 1187.123
1181.013 1180.86 1180.73 1180.694 1180.698 1180.7 1180.705 1180.715 1180.72 1180.744 1180.795 1180.883 1180.99 1181.132 1181.337 1181.627 1181.989 1182.421 1182.902 1183.424 1184.035 1184.798 1185.726 1186.523 1187.085 1187.549 1187.713 1187.566 1187.458 1187.432 1187.363 1187.288 1187.265 1187.328 1187.394 1187.399 1187.406 1187.424 1187.429 1187.474 1187.571 1187.544 1187.463 1187.415 1187.399 1187.418 1187.476 1187.587 1187.712 1187.738 1187.552 1187.159 1186.691 1186.303 1186.072 1185.972 1185.942 1185.968 1186.033 1186.145 1186.335 1186.626 1186.968
1180.966 1180.82 1180.706 1180.679 1180.69 1180.687 1180.691 1180.703 1180.711 1180.728 1180.772 1180.855 1180.954 1181.075 1181.253 1181.507 1181.837 1182.246 1182.71 1183.23 1183.847 1184.621 1185.584 1186.434 1186.94 1187.276 1187.389 1187.262 1187.211 1187.245 1187.279 1187.267 1187.271 1187.376 1187.538 1187.616 1187.626 1187.631 1187.629 1187.629 1187.633 1187.552 1187.438 1187.363 1187.323 1187.306 1187.323 1187.393 1187.528 1187.675 1187.669 1187.406 1186.99 1186.545 1186.21 1186.042 1185.982 1185.981 1186.024 1186.117 1186.297 1186.553 1186.829
1180.929 1180.788 1180.686 1180.661 1180.674 1180.672 1180.681 1180.696 1180.704 1180.719 1180.761 1180.837 1180.925 1181.029 1181.19 1181.407 1181.712 1182.099 1182.531 1183.029 1183.623 1184.379 1185.331 1186.123 1186.562 1186.882 1186.983 1186.907 1186.959 1187.009 1187.1 1187.181 1187.267 1187.432 1187.675 1187.825 1187.857 1187.834 1187.805 1187.758 1187.689 1187.568 1187.424 1187.319 1187.256 1187.218 1187.203 1187.231 1187.334 1187.51 1187.633 1187.542 1187.242 1186.813 1186.399 1186.151 1186.045 1186.015 1186.037 1186.112 1186.271 1186.48 1186.695
1180.91 1180.767 1180.674 1180.656 1180.677 1180.681 1180.69 1180.703 1180.707 1180.719 1180.757 1180.824 1180.909 1181.01 1181.158 1181.349 1181.617 1181.971 1182.367 1182.828 1183.38 1184.114 1185.026 1185.734 1186.127 1186.432 1186.525 1186.533 1186.66 1186.703 1186.821 1187.011 1187.218 1187.462 1187.755 1187.969 1188.049 1188.027 1187.969 1187.871 1187.756 1187.613 1187.444 1187.295 1187.199 1187.14 1187.105 1187.101 1187.162 1187.319 1187.509 1187.575 1187.428 1187.08 1186.636 1186.303 1186.131 1186.068 1186.068 1186.122 1186.243 1186.398 1186.564
1180.889 1180.751 1180.669 1180.672 1180.704 1180.71 1180.716 1180.727 1180.727 1180.741 1180.787 1180.852 1180.935 1181.048 1181.177 1181.344 1181.584 1181.897 1182.257 1182.681 1183.196 1183.881 1184.711 1185.357 1185.689 1185.911 1186 1186.12 1186.289 1186.344 1186.499 1186.771 1187.086 1187.414 1187.753 1188.021 1188.149 1188.174 1188.141 1188.031 1187.875 1187.709 1187.525 1187.323 1187.165 1187.077 1187.028 1186.999 1187.017 1187.131 1187.332 1187.506 1187.516 1187.292 1186.886 1186.491 1186.247 1186.145 1186.119 1186.142 1186.216 1186.322 1186.445
1180.867 1180.741 1180.672 1180.699 1180.728 1180.729 1180.732 1180.743 1180.749 1180.773 1180.826 1180.901 1180.982 1181.067 1181.178 1181.336 1181.579 1181.868 1182.184 1182.562 1183.027 1183.643 1184.361 1184.895 1185.153 1185.316 1185.411 1185.629 1185.842 1185.944 1186.16 1186.476 1186.853 1187.263 1187.664 1187.976 1188.149 1188.23 1188.236 1188.141 1188.012 1187.851 1187.643 1187.411 1187.195 1187.065 1186.995 1186.953 1186.938 1187.002 1187.165 1187.376 1187.506 1187.431 1187.125 1186.718 1186.405 1186.249 1186.196 1186.192 1186.221 1186.28 1186.363
1180.852 1180.744 1180.687 1180.724 1180.744 1180.743 1180.747 1180.764 1180.795 1180.824 1180.865 1180.935 1181.013 1181.086 1181.187 1181.362 1181.619 1181.909 1182.178 1182.49 1182.882 1183.395 1183.976 1184.36 1184.566 1184.721 1184.82 1185.076 1185.335 1185.509 1185.783 1186.13 1186.535 1186.99 1187.433 1187.789 1188.026 1188.151 1188.172 1188.107 1188.023 1187.9 1187.713 1187.464 1187.214 1187.049 1186.95 1186.898 1186.879 1186.913 1187.014 1187.203 1187.397 1187.477 1187.321 1186.96 1186.595 1186.365 1186.288 1186.276 1186.281 1186.303 1186.357
1180.839 1180.759 1180.71 1180.743 1180.751 1180.749 1180.754 1180.78 1180.826 1180.859 1180.91 1180.991 1181.076 1181.148 1181.25 1181.412 1181.666 1181.968 1182.222 1182.476 1182.787 1183.173 1183.594 1183.863 1184.043 1184.198 1184.307 1184.556 1184.849 1185.111 1185.416 1185.764 1186.164 1186.625 1187.114 1187.497 1187.789 1187.966 1188.021 1187.988 1187.931 1187.853 1187.717 1187.49 1187.231 1187.032 1186.901 1186.836 1186.82 1186.828 1186.875 1187.012 1187.217 1187.404 1187.406 1187.149 1186.773 1186.466 1186.327 1186.305 1186.303 1186.308 1186.342
1180.857 1180.774 1180.742 1180.764 1180.767 1180.785 1180.811 1180.839 1180.883 1180.929 1180.989 1181.071 1181.155 1181.248 1181.35 1181.482 1181.682 1181.942 1182.194 1182.428 1182.679 1182.96 1183.242 1183.442 1183.597 1183.745 1183.896 1184.157 1184.459 1184.739 1185.031 1185.352 1185.737 1186.193 1186.682 1187.11 1187.447 1187.683 1187.789 1187.796 1187.758 1187.711 1187.625 1187.452 1187.224 1187.011 1186.857 1186.782 1186.758 1186.736 1186.758 1186.85 1187.024 1187.248 1187.374 1187.259 1186.953 1186.605 1186.378 1186.328 1186.32 1186.313 1186.334
1181.052 1180.997 1180.967 1180.963 1180.973 1180.998 1181.03 1181.064 1181.102 1181.15 1181.205 1181.272 1181.345 1181.432 1181.52 1181.624 1181.757 1181.925 1182.127 1182.327 1182.533 1182.748 1182.957 1183.112 1183.236 1183.405 1183.624 1183.858 1184.075 1184.294 1184.542 1184.821 1185.16 1185.565 1186.007 1186.454 1186.861 1187.176 1187.373 1187.465 1187.483 1187.46 1187.409 1187.294 1187.129 1186.947 1186.796 1186.71 1186.675 1186.645 1186.648 1186.696 1186.815 1187.023 1187.223 1187.237 1187.043 1186.736 1186.455 1186.338 1186.314 1186.307 1186.313
1181.04 1180.929 1180.876 1180.88 1180.907 1180.955 1181.01 1181.067 1181.127 1181.198 1181.27 1181.341 1181.411 1181.493 1181.592 1181.705 1181.832 1181.964 1182.114 1182.27 1182.434 1182.622 1182.833 1183.025 1183.212 1183.425 1183.63 1183.824 1184.022 1184.23 1184.458 1184.71 1185.004 1185.339 1185.708 1186.098 1186.478 1186.804 1187.051 1187.219 1187.307 1187.32 1187.284 1187.194 1187.066 1186.924 1186.788 1186.684 1186.633 1186.595 1186.576 1186.587 1186.644 1186.773 1186.913 1186.964 1186.883 1186.701 1186.509 1186.385 1186.33 1186.313 1186.323
1180.794 1180.708 1180.692 1180.709 1180.738 1180.786 1180.851 1180.917 1180.988 1181.069 1181.154 1181.225 1181.286 1181.377 1181.503 1181.64 1181.795 1181.956 1182.11 1182.247 1182.324 1182.427 1182.709 1182.954 1183.14 1183.315 1183.484 1183.649 1183.828 1184.031 1184.259 1184.511 1184.797 1185.114 1185.463 1185.839 1186.217 1186.568 1186.874 1187.109 1187.263 1187.339 1187.351 1187.296 1187.199 1187.102 1187.01 1186.933 1186.89 1186.866 1186.849 1186.853 1186.87 1186.901 1186.929 1186.937 1186.905 1186.826 1186.725 1186.631 1186.557 1186.517 1186.516
1180.598 1180.57 1180.562 1180.583 1180.613 1180.656 1180.711 1180.769 1180.838 1180.916 1181.002 1181.079 1181.156 1181.294 1181.475 1181.687 1181.953 1182.223 1182.47 1182.666 1182.711 1182.646 1182.801 1183.077 1183.244 1183.343 1183.45 1183.581 1183.733 1183.913 1184.105 1184.31 1184.547 1184.835 1185.176 1185.569 1185.982 1186.385 1186.754 1187.024 1187.176 1187.244 1187.259 1187.181 1187.041 1186.915 1186.792 1186.703 1186.64 1186.594 1186.577 1186.578 1186.592 1186.627 1186.667 1186.714 1186.757 1186.763 1186.714 1186.646 1186.585 1186.556 1186.565
1180.47 1180.484 1180.479 1180.503 1180.534 1180.573 1180.614 1180.665 1180.733 1180.806 1180.886 1180.981 1181.104 1181.287 1181.51 1181.763 1182.08 1182.398 1182.705 1182.954 1183.079 1183.053 1183.006 1183.117 1183.28 1183.379 1183.484 1183.612 1183.734 1183.855 1183.975 1184.119 1184.312 1184.581 1184.931 1185.353 1185.806 1186.271 1186.707 1187.02 1187.188 1187.254 1187.255 1187.164 1187.053 1186.957 1186.846 1186.73 1186.621 1186.543 1186.498 1186.467 1186.447 1186.448 1186.465 1186.515 1186.587 1186.63 1186.599 1186.524 1186.451 1186.403 1186.389
1180.389 1180.421 1180.424 1180.441 1180.462 1180.49 1180.529 1180.585 1180.654 1180.728 1180.81 1180.943 1181.126 1181.349 1181.597 1181.878 1182.193 1182.474 1182.817 1183.134 1183.322 1183.34 1183.238 1183.208 1183.353 1183.493 1183.574 1183.649 1183.713 1183.77 1183.833 1183.939 1184.115 1184.375 1184.734 1185.156 1185.596 1186.083 1186.557 1186.922 1187.145 1187.232 1187.231 1187.174 1187.104 1187.045 1186.964 1186.835 1186.689 1186.577 1186.505 1186.447 1186.397 1186.365 1186.355 1186.376 1186.426 1186.481 1186.497 1186.474 1186.441 1186.411 1186.402
1180.33 1180.379 1180.388 1180.389 1180.393 1180.417 1180.464 1180.521 1180.59 1180.667 1180.775 1180.965 1181.192 1181.435 1181.692 1181.993 1182.273 1182.531 1182.9 1183.264 1183.518 1183.582 1183.49 1183.386 1183.435 1183.552 1183.597 1183.632 1183.666 1183.699 1183.752 1183.852 1184.016 1184.269 1184.612 1184.995 1185.412 1185.905 1186.407 1186.836 1187.125 1187.229 1187.245 1187.226 1187.18 1187.134 1187.086 1186.97 1186.81 1186.666 1186.555 1186.464 1186.383 1186.317 1186.271 1186.242 1186.233 1186.259 1186.299 1186.335 1186.378 1186.409 1186.419
1180.295 1180.347 1180.353 1180.346 1180.341 1180.364 1180.4 1180.447 1180.514 1180.618 1180.777 1181.007 1181.257 1181.516 1181.79 1182.104 1182.324 1182.585 1182.961 1183.345 1183.658 1183.797 1183.758 1183.638 1183.566 1183.584 1183.591 1183.625 1183.676 1183.72 1183.793 1183.897 1184.021 1184.257 1184.542 1184.871 1185.267 1185.756 1186.281 1186.758 1187.096 1187.244 1187.288 1187.295 1187.256 1187.219 1187.203 1187.118 1186.973 1186.814 1186.654 1186.519 1186.405 1186.304 1186.219 1186.141 1186.077 1186.058 1186.071 1186.117 1186.216 1186.327 1186.401
1180.274 1180.312 1180.315 1180.307 1180.3 1180.314 1180.344 1180.376 1180.438 1180.556 1180.751 1180.994 1181.271 1181.562 1181.86 1182.169 1182.349 1182.622 1182.988 1183.378 1183.738 1183.968 1184.022 1183.935 1183.803 1183.737 1183.719 1183.73 1183.766 1183.809 1183.907 1184.038 1184.121 1184.277 1184.507 1184.788 1185.156 1185.635 1186.166 1186.657 1187.047 1187.265 1187.356 1187.379 1187.341 1187.313 1187.321 1187.277 1187.167 1187.018 1186.825 1186.637 1186.478 1186.338 1186.215 1186.095 1185.981 1185.91 1185.877 1185.903 1185.999 1186.141 1186.288
1180.255 1180.277 1180.276 1180.27 1180.273 1180.28 1180.298 1180.319 1180.367 1180.481 1180.683 1180.929 1181.205 1181.532 1181.852 1182.147 1182.329 1182.621 1182.98 1183.373 1183.769 1184.062 1184.24 1184.253 1184.131 1184.03 1183.98 1183.949 1183.934 1183.949 1184.029 1184.16 1184.245 1184.336 1184.508 1184.75 1185.082 1185.525 1186.024 1186.522 1186.98 1187.282 1187.436 1187.484 1187.444 1187.421 1187.449 1187.445 1187.382 1187.266 1187.085 1186.85 1186.623 1186.426 1186.248 1186.087 1185.936 1185.815 1185.748 1185.744 1185.811 1185.926 1186.084
1180.233 1180.249 1180.24 1180.236 1180.244 1180.247 1180.258 1180.271 1180.3 1180.395 1180.581 1180.822 1181.072 1181.399 1181.738 1182.037 1182.24 1182.55 1182.919 1183.329 1183.765 1184.059 1184.354 1184.556 1184.528 1184.419 1184.326 1184.255 1184.182 1184.155 1184.206 1184.283 1184.351 1184.418 1184.547 1184.753 1185.051 1185.44 1185.89 1186.396 1186.898 1187.273 1187.497 1187.593 1187.559 1187.543 1187.591 1187.62 1187.605 1187.542 1187.398 1187.148 1186.848 1186.57 1186.323 1186.105 1185.922 1185.774 1185.672 1185.631 1185.653 1185.73 1185.862
1180.208 1180.221 1180.207 1180.205 1180.213 1180.207 1180.218 1180.233 1180.251 1180.322 1180.476 1180.695 1180.906 1181.205 1181.568 1181.863 1182.073 1182.4 1182.795 1183.24 1183.738 1183.983 1184.332 1184.728 1184.864 1184.811 1184.701 1184.588 1184.466 1184.401 1184.448 1184.461 1184.467 1184.521 1184.628 1184.797 1185.055 1185.388 1185.792 1186.283 1186.796 1187.23 1187.52 1187.682 1187.679 1187.678 1187.741 1187.798 1187.817 1187.799 1187.684 1187.444 1187.118 1186.766 1186.441 1186.168 1185.939 1185.754 1185.621 1185.555 1185.541 1185.576 1185.668
1180.188 1180.197 1180.179 1180.177 1180.185 1180.177 1180.184 1180.202 1180.219 1180.279 1180.399 1180.586 1180.758 1181.025 1181.421 1181.674 1181.864 1182.209 1182.63 1183.127 1183.707 1183.922 1184.249 1184.762 1185.035 1185.077 1185.018 1184.91 1184.771 1184.67 1184.716 1184.676 1184.613 1184.666 1184.765 1184.899 1185.106 1185.386 1185.738 1186.175 1186.673 1187.143 1187.5 1187.741 1187.789 1187.804 1187.883 1187.962 1188.001 1188.002 1187.909 1187.703 1187.393 1187.015 1186.628 1186.283 1185.992 1185.758 1185.591 1185.501 1185.465 1185.465 1185.519
1180.166 1180.171 1180.153 1180.149 1180.157 1180.152 1180.159 1180.173 1180.194 1180.259 1180.361 1180.516 1180.656 1180.901 1181.33 1181.522 1181.67 1182.023 1182.452 1182.996 1183.649 1183.907 1184.181 1184.745 1185.115 1185.246 1185.264 1185.188 1185.051 1184.955 1184.99 1184.907 1184.791 1184.869 1184.967 1185.059 1185.213 1185.437 1185.728 1186.092 1186.543 1187.013 1187.44 1187.77 1187.865 1187.897 1187.984 1188.066 1188.11 1188.134 1188.076 1187.923 1187.651 1187.284 1186.864 1186.447 1186.08 1185.787 1185.583 1185.466 1185.409 1185.383 1185.407
