Loess_Tablelands_Python_scripts/og_surf6.txt
ncols         626
nrows         626
xllcorner     0
yllcorner     0
cellsize      10.0
NODATA_value  -9999
[rows 532 to 559 of 626, columns 63 to 125 of 626]
1205.396 1205.528 1205.739 1205.911 1206.143 1206.436 1206.714 1207.034 1207.321 1207.565 1207.936 1208.167 1207.9 1208.257 1208.383 1208.471 1208.614 1208.748 1208.952 1209.193 1209.399 1209.481 1209.578 1209.671 1209.743 1209.823 1209.892 1209.93 1209.961 1209.957 1209.93 1209.925 1209.904 1209.866 1209.815 1209.733 1209.592 1209.456 1209.339 1209.247 1209.172 1209.134 1209.125 1209.109 1209.114 1209.129 1209.168 1209.233 1209.353 1209.465 1209.545 1209.594 1209.62 1209.635 1209.645 1209.656 1209.659 1209.652 1209.632 1209.636 1209.629 1209.576 1209.503
1205.581 1205.692 1205.89 1206.087 1206.373 1206.701 1206.913 1207.201 1207.482 1207.7 1208.034 1208.265 1208.105 1208.3 1208.404 1208.509 1208.659 1208.807 1209.018 1209.289 1209.564 1209.651 1209.679 1209.742 1209.788 1209.843 1209.901 1209.938 1209.961 1209.96 1209.955 1209.945 1209.944 1209.926 1209.887 1209.826 1209.705 1209.547 1209.415 1209.292 1209.187 1209.133 1209.115 1209.073 1209.061 1209.069 1209.108 1209.141 1209.247 1209.364 1209.478 1209.536 1209.572 1209.597 1209.628 1209.634 1209.646 1209.659 1209.653 1209.627 1209.606 1209.541 1209.464
1205.777 1205.878 1206.033 1206.278 1206.436 1206.83 1207.129 1207.354 1207.592 1207.794 1208.105 1208.365 1208.274 1208.357 1208.443 1208.559 1208.703 1208.857 1209.068 1209.34 1209.647 1209.779 1209.791 1209.8 1209.82 1209.865 1209.884 1209.937 1209.968 1209.958 1209.952 1209.958 1209.954 1209.95 1209.936 1209.888 1209.799 1209.636 1209.479 1209.329 1209.203 1209.129 1209.09 1209.037 1209.009 1209.015 1209.027 1209.041 1209.12 1209.214 1209.341 1209.426 1209.479 1209.537 1209.577 1209.606 1209.634 1209.637 1209.636 1209.609 1209.566 1209.501 1209.403
1205.94 1206.104 1206.238 1206.444 1206.662 1206.832 1207.214 1207.484 1207.686 1207.867 1208.189 1208.423 1208.362 1208.413 1208.509 1208.62 1208.769 1208.925 1209.116 1209.35 1209.62 1209.83 1209.88 1209.851 1209.847 1209.863 1209.871 1209.898 1209.918 1209.927 1209.932 1209.938 1209.935 1209.929 1209.929 1209.909 1209.862 1209.717 1209.546 1209.368 1209.223 1209.127 1209.064 1209.015 1208.983 1208.977 1208.934 1208.939 1209.002 1209.064 1209.149 1209.247 1209.347 1209.452 1209.525 1209.568 1209.578 1209.587 1209.572 1209.553 1209.507 1209.44 1209.326
1206.111 1206.291 1206.443 1206.613 1206.845 1207.042 1207.28 1207.56 1207.763 1207.928 1208.265 1208.466 1208.434 1208.472 1208.572 1208.691 1208.843 1209.019 1209.193 1209.373 1209.563 1209.781 1209.913 1209.896 1209.891 1209.87 1209.858 1209.869 1209.895 1209.915 1209.912 1209.914 1209.911 1209.911 1209.909 1209.892 1209.865 1209.764 1209.602 1209.414 1209.255 1209.136 1209.053 1208.995 1208.952 1208.914 1208.836 1208.796 1208.844 1208.901 1208.97 1209.077 1209.174 1209.322 1209.458 1209.545 1209.567 1209.57 1209.54 1209.504 1209.436 1209.351 1209.237
1206.287 1206.478 1206.652 1206.807 1207.018 1207.247 1207.423 1207.64 1207.83 1208.001 1208.342 1208.546 1208.518 1208.552 1208.636 1208.768 1208.907 1209.073 1209.243 1209.406 1209.577 1209.753 1209.892 1209.925 1209.918 1209.878 1209.86 1209.852 1209.865 1209.877 1209.877 1209.894 1209.89 1209.885 1209.882 1209.864 1209.828 1209.761 1209.623 1209.452 1209.293 1209.153 1209.055 1208.988 1208.927 1208.859 1208.696 1208.516 1208.577 1208.74 1208.805 1208.869 1208.951 1209.123 1209.328 1209.482 1209.542 1209.533 1209.504 1209.456 1209.372 1209.273 1209.162
1206.463 1206.676 1206.857 1207.017 1207.193 1207.406 1207.588 1207.749 1207.912 1208.097 1208.46 1208.637 1208.598 1208.652 1208.741 1208.855 1208.984 1209.134 1209.287 1209.451 1209.597 1209.745 1209.871 1209.925 1209.933 1209.926 1209.879 1209.85 1209.851 1209.85 1209.847 1209.857 1209.854 1209.845 1209.84 1209.829 1209.788 1209.723 1209.606 1209.454 1209.301 1209.169 1209.068 1208.971 1208.885 1208.821 1208.728 1208.511 1208.29 1208.455 1208.588 1208.638 1208.731 1208.901 1209.159 1209.391 1209.465 1209.475 1209.455 1209.402 1209.32 1209.216 1209.097
1206.645 1206.868 1207.054 1207.222 1207.377 1207.572 1207.722 1207.879 1208.034 1208.211 1208.588 1208.7 1208.693 1208.767 1208.859 1208.972 1209.095 1209.24 1209.37 1209.518 1209.617 1209.74 1209.84 1209.908 1209.94 1209.957 1209.904 1209.855 1209.838 1209.818 1209.812 1209.8 1209.791 1209.787 1209.768 1209.754 1209.728 1209.667 1209.563 1209.431 1209.283 1209.152 1209.064 1208.954 1208.831 1208.739 1208.651 1208.498 1208.198 1207.998 1208.208 1208.347 1208.461 1208.628 1208.907 1209.19 1209.314 1209.367 1209.375 1209.328 1209.259 1209.144 1209.008
1206.818 1207.042 1207.247 1207.429 1207.588 1207.765 1207.899 1208.042 1208.194 1208.363 1208.681 1208.815 1208.785 1208.878 1208.977 1209.088 1209.206 1209.315 1209.423 1209.536 1209.619 1209.708 1209.8 1209.873 1209.917 1209.935 1209.899 1209.841 1209.797 1209.757 1209.744 1209.72 1209.698 1209.688 1209.668 1209.629 1209.598 1209.552 1209.458 1209.343 1209.188 1209.064 1208.933 1208.803 1208.695 1208.597 1208.463 1208.261 1208.094 1207.946 1207.677 1207.774 1208.054 1208.273 1208.528 1208.797 1209.021 1209.137 1209.195 1209.18 1209.137 1209.031 1208.896
1206.976 1207.198 1207.435 1207.651 1207.832 1208.019 1208.14 1208.228 1208.371 1208.556 1208.875 1208.935 1208.918 1208.996 1209.077 1209.173 1209.276 1209.362 1209.451 1209.526 1209.596 1209.66 1209.734 1209.792 1209.84 1209.851 1209.835 1209.789 1209.728 1209.671 1209.635 1209.605 1209.587 1209.572 1209.57 1209.531 1209.484 1209.414 1209.32 1209.204 1209.06 1208.929 1208.808 1208.686 1208.564 1208.448 1208.288 1208.046 1207.797 1207.821 1207.468 1207.272 1207.561 1207.845 1208.064 1208.292 1208.561 1208.737 1208.853 1208.885 1208.9 1208.85 1208.732
1207.113 1207.335 1207.595 1207.857 1208.074 1208.244 1208.36 1208.465 1208.577 1208.779 1209.032 1209.054 1209.043 1209.096 1209.155 1209.252 1209.326 1209.396 1209.467 1209.522 1209.568 1209.612 1209.653 1209.684 1209.731 1209.743 1209.73 1209.698 1209.637 1209.56 1209.519 1209.488 1209.476 1209.474 1209.466 1209.424 1209.377 1209.294 1209.177 1209.039 1208.902 1208.775 1208.655 1208.528 1208.396 1208.265 1208.082 1207.833 1207.479 1207.434 1207.429 1207.079 1207.106 1207.395 1207.614 1207.828 1208.037 1208.23 1208.405 1208.511 1208.57 1208.614 1208.563
1207.206 1207.436 1207.698 1207.971 1208.189 1208.334 1208.479 1208.624 1208.745 1208.976 1209.223 1209.192 1209.179 1209.218 1209.278 1209.332 1209.375 1209.429 1209.478 1209.516 1209.541 1209.564 1209.574 1209.586 1209.629 1209.65 1209.637 1209.579 1209.521 1209.467 1209.444 1209.413 1209.398 1209.38 1209.366 1209.325 1209.275 1209.191 1209.081 1208.937 1208.796 1208.656 1208.515 1208.378 1208.248 1208.09 1207.884 1207.644 1207.343 1207.093 1207.158 1206.999 1206.791 1206.989 1207.211 1207.368 1207.531 1207.724 1207.895 1208.029 1208.133 1208.246 1208.283
1207.296 1207.507 1207.747 1207.994 1208.225 1208.406 1208.577 1208.74 1208.889 1209.107 1209.351 1209.32 1209.308 1209.348 1209.394 1209.406 1209.426 1209.463 1209.479 1209.491 1209.496 1209.5 1209.486 1209.486 1209.517 1209.528 1209.536 1209.491 1209.448 1209.417 1209.38 1209.334 1209.295 1209.25 1209.236 1209.201 1209.15 1209.076 1208.97 1208.823 1208.675 1208.516 1208.375 1208.247 1208.119 1207.932 1207.725 1207.514 1207.279 1206.986 1206.827 1206.838 1206.701 1206.643 1206.814 1206.97 1207.113 1207.258 1207.414 1207.581 1207.727 1207.824 1207.886
1207.388 1207.559 1207.758 1207.994 1208.243 1208.451 1208.651 1208.84 1208.989 1209.194 1209.435 1209.412 1209.416 1209.449 1209.46 1209.452 1209.459 1209.48 1209.46 1209.438 1209.416 1209.405 1209.398 1209.371 1209.382 1209.403 1209.406 1209.405 1209.385 1209.352 1209.301 1209.229 1209.161 1209.125 1209.092 1209.042 1208.99 1208.933 1208.825 1208.675 1208.517 1208.353 1208.223 1208.088 1207.948 1207.751 1207.544 1207.341 1207.13 1206.906 1206.679 1206.629 1206.561 1206.505 1206.51 1206.646 1206.741 1206.849 1207.005 1207.138 1207.266 1207.385 1207.474
1207.478 1207.629 1207.794 1207.999 1208.236 1208.466 1208.708 1208.908 1209.073 1209.284 1209.498 1209.461 1209.477 1209.488 1209.474 1209.452 1209.451 1209.446 1209.403 1209.354 1209.317 1209.299 1209.272 1209.238 1209.241 1209.236 1209.267 1209.356 1209.364 1209.305 1209.23 1209.135 1209.039 1208.94 1208.922 1208.878 1208.822 1208.759 1208.661 1208.525 1208.368 1208.21 1208.062 1207.894 1207.724 1207.547 1207.333 1207.119 1206.934 1206.773 1206.573 1206.444 1206.408 1206.401 1206.353 1206.37 1206.435 1206.512 1206.609 1206.703 1206.833 1206.954 1207.049
1207.55 1207.677 1207.83 1208.001 1208.221 1208.464 1208.738 1208.963 1209.137 1209.354 1209.535 1209.486 1209.48 1209.467 1209.441 1209.405 1209.381 1209.346 1209.295 1209.25 1209.19 1209.14 1209.091 1209.072 1209.029 1209.048 1209.16 1209.245 1209.263 1209.214 1209.127 1209.015 1208.913 1208.766 1208.731 1208.698 1208.641 1208.565 1208.488 1208.379 1208.235 1208.07 1207.896 1207.713 1207.503 1207.339 1207.144 1206.928 1206.757 1206.6 1206.448 1206.307 1206.261 1206.25 1206.224 1206.193 1206.19 1206.204 1206.259 1206.354 1206.459 1206.559 1206.654
1207.609 1207.72 1207.846 1208.008 1208.227 1208.466 1208.737 1208.981 1209.149 1209.362 1209.526 1209.479 1209.445 1209.419 1209.368 1209.311 1209.274 1209.217 1209.168 1209.088 1209.025 1208.966 1208.904 1208.841 1208.848 1208.913 1208.997 1209.056 1209.105 1209.089 1208.999 1208.877 1208.767 1208.627 1208.561 1208.513 1208.448 1208.372 1208.304 1208.194 1208.053 1207.879 1207.702 1207.491 1207.301 1207.13 1206.957 1206.754 1206.574 1206.419 1206.269 1206.145 1206.12 1206.107 1206.106 1206.05 1205.984 1205.954 1205.972 1206.033 1206.116 1206.199 1206.294
1207.644 1207.744 1207.868 1208.027 1208.229 1208.452 1208.693 1208.919 1209.091 1209.303 1209.446 1209.389 1209.374 1209.344 1209.271 1209.205 1209.145 1209.084 1209.014 1208.927 1208.843 1208.761 1208.681 1208.667 1208.714 1208.763 1208.804 1208.869 1208.938 1208.945 1208.865 1208.754 1208.63 1208.502 1208.432 1208.368 1208.282 1208.205 1208.121 1207.987 1207.838 1207.672 1207.49 1207.297 1207.104 1206.906 1206.733 1206.559 1206.398 1206.25 1206.12 1206.01 1205.999 1205.982 1205.973 1205.92 1205.831 1205.774 1205.744 1205.75 1205.805 1205.869 1205.943
1207.702 1207.768 1207.892 1208.03 1208.19 1208.386 1208.599 1208.798 1208.976 1209.191 1209.331 1209.274 1209.271 1209.25 1209.177 1209.081 1208.992 1208.923 1208.827 1208.742 1208.633 1208.539 1208.453 1208.514 1208.559 1208.588 1208.615 1208.677 1208.742 1208.779 1208.736 1208.649 1208.522 1208.384 1208.313 1208.245 1208.165 1208.079 1207.974 1207.819 1207.663 1207.501 1207.293 1207.144 1206.949 1206.739 1206.546 1206.375 1206.245 1206.122 1206.009 1205.898 1205.877 1205.861 1205.842 1205.795 1205.718 1205.644 1205.588 1205.565 1205.563 1205.593 1205.642
1207.8 1207.82 1207.892 1207.99 1208.12 1208.286 1208.48 1208.654 1208.844 1209.091 1209.187 1209.1 1209.097 1209.087 1209.03 1208.915 1208.811 1208.73 1208.618 1208.518 1208.436 1208.349 1208.238 1208.242 1208.361 1208.396 1208.416 1208.448 1208.506 1208.569 1208.581 1208.519 1208.398 1208.272 1208.185 1208.106 1208.029 1207.944 1207.847 1207.697 1207.531 1207.358 1207.153 1206.991 1206.808 1206.618 1206.424 1206.257 1206.147 1206.033 1205.903 1205.793 1205.769 1205.75 1205.728 1205.683 1205.619 1205.547 1205.505 1205.442 1205.39 1205.386 1205.391
1207.902 1207.889 1207.888 1207.933 1208.05 1208.195 1208.355 1208.509 1208.684 1208.903 1209.008 1208.901 1208.904 1208.871 1208.814 1208.714 1208.618 1208.503 1208.398 1208.31 1208.271 1208.205 1208.038 1207.962 1208.146 1208.189 1208.19 1208.213 1208.261 1208.312 1208.349 1208.336 1208.255 1208.156 1208.059 1207.962 1207.88 1207.81 1207.707 1207.571 1207.402 1207.228 1207.049 1206.874 1206.694 1206.517 1206.339 1206.171 1206.041 1205.927 1205.798 1205.692 1205.671 1205.65 1205.621 1205.594 1205.53 1205.464 1205.439 1205.368 1205.306 1205.281 1205.275
1207.971 1207.944 1207.902 1207.891 1207.962 1208.093 1208.221 1208.347 1208.502 1208.739 1208.836 1208.683 1208.67 1208.643 1208.591 1208.505 1208.4 1208.289 1208.216 1208.15 1208.114 1208.06 1207.889 1207.777 1207.907 1207.974 1207.972 1208.01 1208.02 1208.049 1208.095 1208.113 1208.078 1208.009 1207.93 1207.826 1207.689 1207.637 1207.536 1207.396 1207.234 1207.091 1206.931 1206.753 1206.578 1206.404 1206.239 1206.079 1205.93 1205.815 1205.713 1205.606 1205.556 1205.548 1205.51 1205.502 1205.422 1205.364 1205.321 1205.293 1205.24 1205.202 1205.173
1207.974 1207.939 1207.906 1207.872 1207.881 1207.939 1208.063 1208.172 1208.311 1208.562 1208.636 1208.47 1208.455 1208.425 1208.368 1208.279 1208.182 1208.102 1208.058 1207.994 1207.933 1207.881 1207.777 1207.614 1207.637 1207.756 1207.81 1207.822 1207.832 1207.853 1207.88 1207.88 1207.882 1207.855 1207.771 1207.68 1207.574 1207.494 1207.391 1207.251 1207.114 1206.963 1206.787 1206.624 1206.457 1206.294 1206.136 1206.002 1205.865 1205.748 1205.65 1205.549 1205.467 1205.458 1205.43 1205.386 1205.352 1205.319 1205.26 1205.205 1205.161 1205.125 1205.106
1207.958 1207.913 1207.884 1207.849 1207.833 1207.84 1207.9 1208 1208.131 1208.381 1208.438 1208.275 1208.252 1208.213 1208.148 1208.064 1207.987 1207.927 1207.883 1207.804 1207.718 1207.687 1207.633 1207.513 1207.421 1207.516 1207.589 1207.616 1207.622 1207.638 1207.662 1207.693 1207.709 1207.666 1207.601 1207.523 1207.433 1207.358 1207.259 1207.134 1207.012 1206.85 1206.681 1206.527 1206.373 1206.221 1206.075 1205.958 1205.827 1205.717 1205.588 1205.501 1205.447 1205.4 1205.373 1205.326 1205.29 1205.255 1205.197 1205.144 1205.11 1205.057 1205.032
1207.911 1207.877 1207.84 1207.806 1207.786 1207.754 1207.762 1207.83 1207.936 1208.213 1208.243 1208.09 1208.038 1207.992 1207.928 1207.876 1207.814 1207.764 1207.709 1207.609 1207.508 1207.494 1207.469 1207.406 1207.312 1207.338 1207.4 1207.417 1207.431 1207.454 1207.475 1207.491 1207.504 1207.491 1207.444 1207.364 1207.278 1207.193 1207.102 1206.992 1206.875 1206.735 1206.609 1206.464 1206.326 1206.179 1206.045 1205.917 1205.799 1205.68 1205.571 1205.494 1205.408 1205.342 1205.307 1205.278 1205.23 1205.182 1205.142 1205.099 1205.054 1204.994 1204.975
1207.85 1207.808 1207.769 1207.738 1207.725 1207.688 1207.668 1207.685 1207.746 1208.019 1208.041 1207.906 1207.836 1207.773 1207.721 1207.688 1207.647 1207.595 1207.525 1207.426 1207.341 1207.313 1207.268 1207.246 1207.178 1207.2 1207.239 1207.237 1207.257 1207.272 1207.288 1207.306 1207.319 1207.32 1207.281 1207.203 1207.138 1207.031 1206.932 1206.817 1206.714 1206.596 1206.488 1206.368 1206.244 1206.121 1206.018 1205.887 1205.776 1205.664 1205.582 1205.51 1205.415 1205.333 1205.265 1205.225 1205.176 1205.159 1205.117 1205.074 1205.024 1204.973 1204.941
1207.783 1207.754 1207.714 1207.688 1207.661 1207.63 1207.592 1207.544 1207.555 1207.793 1207.832 1207.728 1207.677 1207.615 1207.575 1207.52 1207.448 1207.38 1207.29 1207.25 1207.198 1207.156 1207.113 1207.079 1207.044 1207.099 1207.07 1207.069 1207.091 1207.101 1207.126 1207.15 1207.163 1207.161 1207.121 1207.056 1207.004 1206.896 1206.784 1206.657 1206.563 1206.456 1206.337 1206.24 1206.146 1206.039 1205.943 1205.852 1205.755 1205.667 1205.587 1205.527 1205.428 1205.343 1205.258 1205.183 1205.126 1205.118 1205.091 1205.058 1205.013 1204.975 1204.923
1207.763 1207.729 1207.696 1207.668 1207.633 1207.595 1207.544 1207.451 1207.384 1207.573 1207.626 1207.563 1207.552 1207.53 1207.469 1207.381 1207.282 1207.222 1207.15 1207.085 1207.039 1207.013 1206.97 1206.969 1206.975 1206.989 1206.92 1206.917 1206.959 1206.979 1207.012 1207.037 1207.05 1207.044 1207.002 1206.956 1206.882 1206.773 1206.667 1206.541 1206.417 1206.281 1206.198 1206.111 1206.026 1205.939 1205.871 1205.818 1205.754 1205.688 1205.605 1205.541 1205.458 1205.379 1205.284 1205.184 1205.114 1205.06 1205.027 1205.015 1204.988 1204.953 1204.907
