Loess_Tablelands_Python_scripts/og_surf4.txt
ncols         626
nrows         626
xllcorner     0
yllcorner     0
cellsize      10.0
NODATA_value  -9999
[rows 476 to 503 of 626, columns 252 to 314 of 626]
1190.237 1190.199 1190.162 1190.121 1190.08 1190.052 1190.017 1189.951 1189.892 1189.849 1189.795 1189.735 1189.67 1189.59 1189.472 1189.331 1189.196 1189.066 1188.935 1188.818 1188.711 1188.618 1188.532 1188.456 1188.395 1188.347 1188.303 1188.26 1188.228 1188.202 1188.18 1188.167 1188.166 1188.173 1188.181 1188.189 1188.199 1188.202 1188.194 1188.18 1188.161 1188.132 1188.107 1188.089 1188.09 1188.095 1188.096 1188.093 1188.08 1188.05 1188.021 1188.001 1187.92 1187.87 1187.922 1187.935 1187.923 1187.88 1187.88 1187.888 1187.877 1187.849 1187.84
1190.195 1190.151 1190.115 1190.073 1190.04 1190.025 1190.006 1189.945 1189.878 1189.847 1189.81 1189.765 1189.717 1189.651 1189.559 1189.466 1189.372 1189.241 1189.088 1188.938 1188.799 1188.682 1188.577 1188.488 1188.412 1188.351 1188.302 1188.256 1188.216 1188.181 1188.148 1188.124 1188.109 1188.101 1188.093 1188.084 1188.073 1188.064 1188.051 1188.032 1188.008 1187.98 1187.967 1187.964 1187.966 1187.968 1187.974 1187.976 1187.972 1187.951 1187.926 1187.908 1187.834 1187.798 1187.839 1187.855 1187.835 1187.771 1187.738 1187.74 1187.743 1187.731 1187.725
1190.18 1190.129 1190.089 1190.052 1190.021 1189.99 1189.955 1189.917 1189.886 1189.862 1189.836 1189.808 1189.781 1189.74 1189.693 1189.643 1189.575 1189.458 1189.298 1189.121 1188.948 1188.794 1188.666 1188.559 1188.464 1188.382 1188.318 1188.265 1188.22 1188.176 1188.134 1188.098 1188.065 1188.038 1188.021 1188.001 1187.982 1187.96 1187.936 1187.908 1187.882 1187.863 1187.86 1187.856 1187.85 1187.849 1187.854 1187.859 1187.857 1187.842 1187.826 1187.811 1187.746 1187.725 1187.755 1187.763 1187.744 1187.676 1187.611 1187.583 1187.585 1187.593 1187.598
1190.183 1190.13 1190.098 1190.068 1190.041 1190.017 1189.988 1189.965 1189.938 1189.915 1189.893 1189.875 1189.856 1189.832 1189.812 1189.79 1189.747 1189.662 1189.521 1189.342 1189.151 1188.969 1188.818 1188.687 1188.567 1188.458 1188.364 1188.295 1188.243 1188.189 1188.138 1188.091 1188.046 1187.999 1187.961 1187.931 1187.912 1187.886 1187.852 1187.82 1187.799 1187.786 1187.777 1187.763 1187.75 1187.745 1187.745 1187.747 1187.745 1187.731 1187.724 1187.721 1187.669 1187.656 1187.67 1187.661 1187.636 1187.578 1187.513 1187.451 1187.429 1187.45 1187.48
1190.167 1190.12 1190.084 1190.053 1190.026 1190.006 1189.986 1189.968 1189.954 1189.94 1189.923 1189.909 1189.892 1189.877 1189.868 1189.859 1189.835 1189.786 1189.684 1189.532 1189.354 1189.169 1189.006 1188.858 1188.722 1188.587 1188.465 1188.371 1188.296 1188.229 1188.171 1188.117 1188.071 1188.022 1187.967 1187.903 1187.848 1187.818 1187.793 1187.768 1187.753 1187.737 1187.721 1187.698 1187.681 1187.668 1187.658 1187.651 1187.647 1187.637 1187.635 1187.646 1187.621 1187.569 1187.59 1187.568 1187.53 1187.469 1187.42 1187.366 1187.328 1187.334 1187.363
1190.18 1190.127 1190.078 1190.041 1190.016 1189.997 1189.982 1189.968 1189.957 1189.945 1189.929 1189.911 1189.896 1189.885 1189.875 1189.868 1189.85 1189.819 1189.752 1189.637 1189.491 1189.332 1189.174 1189.023 1188.87 1188.712 1188.565 1188.435 1188.334 1188.249 1188.187 1188.132 1188.078 1188.024 1187.967 1187.893 1187.804 1187.745 1187.715 1187.697 1187.69 1187.678 1187.663 1187.64 1187.619 1187.599 1187.582 1187.566 1187.559 1187.553 1187.559 1187.575 1187.589 1187.512 1187.495 1187.475 1187.43 1187.38 1187.341 1187.307 1187.275 1187.251 1187.251
1190.198 1190.145 1190.092 1190.05 1190.019 1189.993 1189.978 1189.967 1189.956 1189.945 1189.93 1189.913 1189.9 1189.887 1189.876 1189.868 1189.852 1189.825 1189.78 1189.699 1189.59 1189.47 1189.337 1189.203 1189.04 1188.868 1188.705 1188.544 1188.406 1188.305 1188.234 1188.166 1188.094 1188.028 1187.964 1187.891 1187.803 1187.725 1187.664 1187.621 1187.603 1187.593 1187.582 1187.562 1187.536 1187.508 1187.487 1187.464 1187.445 1187.435 1187.433 1187.441 1187.489 1187.485 1187.411 1187.394 1187.352 1187.315 1187.28 1187.258 1187.234 1187.195 1187.162
1190.206 1190.154 1190.107 1190.064 1190.026 1189.999 1189.983 1189.97 1189.959 1189.949 1189.939 1189.926 1189.914 1189.901 1189.891 1189.879 1189.864 1189.842 1189.805 1189.754 1189.677 1189.585 1189.488 1189.384 1189.25 1189.09 1188.901 1188.709 1188.54 1188.411 1188.312 1188.226 1188.143 1188.061 1187.982 1187.908 1187.831 1187.754 1187.674 1187.597 1187.547 1187.521 1187.511 1187.497 1187.472 1187.444 1187.422 1187.396 1187.369 1187.348 1187.347 1187.381 1187.434 1187.436 1187.351 1187.336 1187.306 1187.285 1187.256 1187.233 1187.204 1187.157 1187.107
1190.206 1190.157 1190.114 1190.074 1190.037 1190.009 1189.991 1189.975 1189.963 1189.955 1189.948 1189.936 1189.926 1189.913 1189.896 1189.882 1189.869 1189.848 1189.819 1189.785 1189.729 1189.659 1189.586 1189.507 1189.411 1189.274 1189.08 1188.866 1188.679 1188.529 1188.408 1188.305 1188.211 1188.112 1188.023 1187.943 1187.859 1187.777 1187.701 1187.629 1187.558 1187.5 1187.466 1187.447 1187.435 1187.411 1187.381 1187.355 1187.323 1187.293 1187.309 1187.343 1187.386 1187.387 1187.295 1187.281 1187.27 1187.27 1187.253 1187.232 1187.192 1187.138 1187.094
1190.21 1190.166 1190.126 1190.089 1190.053 1190.021 1189.997 1189.976 1189.962 1189.954 1189.946 1189.934 1189.922 1189.905 1189.886 1189.875 1189.863 1189.843 1189.822 1189.795 1189.75 1189.694 1189.637 1189.577 1189.498 1189.378 1189.195 1188.993 1188.822 1188.674 1188.539 1188.413 1188.297 1188.181 1188.086 1187.993 1187.896 1187.795 1187.711 1187.638 1187.569 1187.508 1187.462 1187.423 1187.399 1187.378 1187.353 1187.321 1187.283 1187.266 1187.278 1187.296 1187.341 1187.346 1187.244 1187.22 1187.214 1187.221 1187.218 1187.203 1187.159 1187.111 1187.092
1190.242 1190.203 1190.163 1190.125 1190.084 1190.047 1190.015 1189.986 1189.969 1189.954 1189.944 1189.931 1189.918 1189.899 1189.878 1189.864 1189.854 1189.838 1189.817 1189.793 1189.756 1189.712 1189.667 1189.617 1189.55 1189.452 1189.311 1189.157 1189.009 1188.861 1188.714 1188.565 1188.423 1188.295 1188.192 1188.082 1187.965 1187.839 1187.729 1187.64 1187.566 1187.503 1187.452 1187.409 1187.377 1187.349 1187.316 1187.283 1187.26 1187.242 1187.244 1187.252 1187.3 1187.309 1187.207 1187.161 1187.141 1187.13 1187.129 1187.11 1187.068 1187.038 1187.037
1190.283 1190.253 1190.217 1190.175 1190.132 1190.093 1190.061 1190.033 1190.011 1189.995 1189.979 1189.962 1189.942 1189.924 1189.911 1189.898 1189.883 1189.866 1189.846 1189.823 1189.789 1189.752 1189.715 1189.671 1189.618 1189.547 1189.456 1189.35 1189.221 1189.07 1188.913 1188.755 1188.598 1188.456 1188.334 1188.208 1188.07 1187.914 1187.766 1187.647 1187.56 1187.498 1187.443 1187.397 1187.36 1187.325 1187.292 1187.268 1187.245 1187.226 1187.218 1187.217 1187.26 1187.275 1187.184 1187.117 1187.08 1187.043 1187.025 1187.004 1186.976 1186.98 1186.975
1190.301 1190.279 1190.25 1190.211 1190.174 1190.142 1190.109 1190.079 1190.052 1190.029 1190.009 1189.99 1189.97 1189.955 1189.944 1189.931 1189.917 1189.901 1189.882 1189.859 1189.829 1189.798 1189.766 1189.729 1189.689 1189.641 1189.575 1189.49 1189.385 1189.257 1189.108 1188.947 1188.788 1188.625 1188.467 1188.324 1188.166 1187.99 1187.819 1187.681 1187.574 1187.497 1187.436 1187.381 1187.334 1187.304 1187.284 1187.259 1187.233 1187.214 1187.198 1187.186 1187.223 1187.242 1187.162 1187.088 1187.041 1186.987 1186.944 1186.939 1186.944 1186.939 1186.917
1190.313 1190.295 1190.269 1190.238 1190.21 1190.182 1190.15 1190.119 1190.09 1190.068 1190.047 1190.026 1190.007 1189.99 1189.977 1189.963 1189.949 1189.933 1189.915 1189.894 1189.864 1189.831 1189.796 1189.762 1189.724 1189.68 1189.627 1189.558 1189.475 1189.37 1189.235 1189.082 1188.932 1188.776 1188.6 1188.419 1188.24 1188.056 1187.875 1187.722 1187.598 1187.509 1187.436 1187.37 1187.319 1187.287 1187.269 1187.242 1187.216 1187.198 1187.18 1187.161 1187.189 1187.207 1187.128 1187.051 1187.009 1186.963 1186.899 1186.885 1186.888 1186.874 1186.848
1190.328 1190.314 1190.295 1190.271 1190.242 1190.215 1190.191 1190.165 1190.14 1190.119 1190.103 1190.083 1190.061 1190.039 1190.017 1189.998 1189.982 1189.964 1189.947 1189.923 1189.888 1189.849 1189.808 1189.768 1189.731 1189.691 1189.643 1189.584 1189.511 1189.414 1189.294 1189.15 1189 1188.856 1188.694 1188.492 1188.28 1188.089 1187.914 1187.756 1187.623 1187.519 1187.434 1187.364 1187.309 1187.264 1187.239 1187.215 1187.191 1187.173 1187.161 1187.139 1187.161 1187.164 1187.084 1187.006 1186.969 1186.945 1186.883 1186.841 1186.827 1186.811 1186.788
1190.332 1190.322 1190.309 1190.291 1190.264 1190.241 1190.224 1190.204 1190.184 1190.169 1190.156 1190.141 1190.122 1190.099 1190.066 1190.035 1190.012 1189.99 1189.966 1189.933 1189.89 1189.847 1189.805 1189.763 1189.726 1189.693 1189.657 1189.602 1189.528 1189.435 1189.323 1189.191 1189.045 1188.895 1188.728 1188.527 1188.306 1188.107 1187.939 1187.786 1187.646 1187.53 1187.438 1187.362 1187.293 1187.236 1187.205 1187.181 1187.157 1187.141 1187.132 1187.116 1187.132 1187.121 1187.043 1186.975 1186.935 1186.911 1186.87 1186.818 1186.776 1186.761 1186.741
1190.314 1190.318 1190.316 1190.303 1190.286 1190.27 1190.254 1190.232 1190.212 1190.201 1190.193 1190.184 1190.172 1190.154 1190.115 1190.07 1190.032 1189.998 1189.962 1189.92 1189.872 1189.826 1189.787 1189.753 1189.719 1189.686 1189.65 1189.597 1189.532 1189.453 1189.355 1189.234 1189.087 1188.924 1188.743 1188.545 1188.331 1188.125 1187.952 1187.804 1187.663 1187.55 1187.454 1187.364 1187.282 1187.22 1187.182 1187.153 1187.131 1187.115 1187.106 1187.086 1187.087 1187.085 1187.034 1186.989 1186.948 1186.913 1186.857 1186.809 1186.761 1186.739 1186.721
1190.304 1190.321 1190.332 1190.331 1190.327 1190.319 1190.3 1190.273 1190.247 1190.233 1190.225 1190.22 1190.213 1190.2 1190.164 1190.105 1190.046 1189.992 1189.937 1189.88 1189.829 1189.786 1189.751 1189.717 1189.683 1189.655 1189.622 1189.578 1189.525 1189.458 1189.374 1189.265 1189.117 1188.942 1188.743 1188.54 1188.338 1188.139 1187.96 1187.808 1187.676 1187.569 1187.468 1187.374 1187.287 1187.214 1187.163 1187.13 1187.111 1187.092 1187.082 1187.056 1187.02 1187.012 1187.017 1186.994 1186.951 1186.914 1186.848 1186.782 1186.762 1186.729 1186.705
1190.287 1190.316 1190.34 1190.357 1190.369 1190.369 1190.351 1190.326 1190.297 1190.275 1190.265 1190.261 1190.255 1190.243 1190.212 1190.152 1190.075 1190 1189.928 1189.867 1189.818 1189.778 1189.743 1189.713 1189.686 1189.659 1189.627 1189.591 1189.551 1189.497 1189.426 1189.327 1189.181 1188.996 1188.778 1188.558 1188.349 1188.158 1187.982 1187.822 1187.686 1187.572 1187.47 1187.374 1187.285 1187.204 1187.147 1187.107 1187.077 1187.064 1187.058 1187.029 1186.99 1186.961 1186.926 1186.904 1186.886 1186.869 1186.824 1186.747 1186.733 1186.697 1186.656
1190.24 1190.275 1190.312 1190.351 1190.386 1190.399 1190.386 1190.365 1190.338 1190.313 1190.299 1190.29 1190.278 1190.259 1190.217 1190.152 1190.07 1189.986 1189.918 1189.862 1189.817 1189.781 1189.752 1189.723 1189.697 1189.671 1189.644 1189.618 1189.59 1189.552 1189.499 1189.417 1189.284 1189.102 1188.876 1188.641 1188.409 1188.205 1188.03 1187.862 1187.698 1187.57 1187.47 1187.377 1187.291 1187.209 1187.148 1187.102 1187.07 1187.055 1187.047 1187.024 1187.023 1186.989 1186.912 1186.849 1186.804 1186.779 1186.76 1186.71 1186.671 1186.636 1186.593
1190.131 1190.172 1190.22 1190.282 1190.348 1190.385 1190.381 1190.364 1190.342 1190.317 1190.295 1190.276 1190.257 1190.227 1190.172 1190.1 1190.024 1189.958 1189.899 1189.849 1189.812 1189.781 1189.754 1189.729 1189.704 1189.68 1189.659 1189.639 1189.62 1189.597 1189.562 1189.502 1189.391 1189.223 1189.003 1188.755 1188.501 1188.269 1188.074 1187.91 1187.741 1187.577 1187.465 1187.382 1187.299 1187.221 1187.157 1187.108 1187.07 1187.048 1187.039 1187.024 1187.05 1187.008 1186.924 1186.847 1186.779 1186.729 1186.702 1186.67 1186.611 1186.577 1186.563
1189.965 1190.011 1190.066 1190.143 1190.234 1190.298 1190.312 1190.305 1190.284 1190.252 1190.22 1190.191 1190.153 1190.108 1190.053 1189.994 1189.937 1189.886 1189.842 1189.802 1189.776 1189.753 1189.73 1189.711 1189.691 1189.67 1189.653 1189.639 1189.626 1189.615 1189.598 1189.561 1189.48 1189.34 1189.134 1188.885 1188.621 1188.361 1188.126 1187.939 1187.777 1187.616 1187.471 1187.378 1187.304 1187.229 1187.167 1187.119 1187.074 1187.046 1187.035 1187.025 1187.052 1187.001 1186.927 1186.862 1186.805 1186.758 1186.714 1186.653 1186.584 1186.524 1186.505
1189.777 1189.825 1189.88 1189.959 1190.058 1190.148 1190.202 1190.222 1190.201 1190.166 1190.123 1190.078 1190.029 1189.976 1189.926 1189.882 1189.844 1189.807 1189.774 1189.748 1189.729 1189.71 1189.692 1189.676 1189.659 1189.64 1189.627 1189.617 1189.606 1189.599 1189.59 1189.567 1189.511 1189.401 1189.226 1188.999 1188.737 1188.464 1188.206 1187.988 1187.807 1187.652 1187.505 1187.375 1187.292 1187.23 1187.172 1187.125 1187.077 1187.046 1187.03 1187.021 1187.056 1187.01 1186.951 1186.882 1186.811 1186.764 1186.741 1186.708 1186.651 1186.578 1186.504
1189.586 1189.636 1189.691 1189.767 1189.86 1189.965 1190.054 1190.101 1190.098 1190.066 1190.02 1189.968 1189.915 1189.865 1189.82 1189.786 1189.76 1189.737 1189.716 1189.698 1189.682 1189.666 1189.65 1189.634 1189.62 1189.606 1189.596 1189.587 1189.58 1189.574 1189.569 1189.557 1189.519 1189.434 1189.293 1189.1 1188.86 1188.587 1188.316 1188.072 1187.863 1187.694 1187.55 1187.412 1187.297 1187.229 1187.172 1187.127 1187.079 1187.046 1187.021 1187.012 1187.065 1187.024 1186.964 1186.89 1186.817 1186.748 1186.709 1186.697 1186.656 1186.594 1186.525
1189.419 1189.459 1189.501 1189.567 1189.644 1189.739 1189.836 1189.907 1189.929 1189.923 1189.892 1189.844 1189.794 1189.753 1189.717 1189.692 1189.674 1189.665 1189.656 1189.644 1189.632 1189.617 1189.601 1189.583 1189.572 1189.562 1189.554 1189.544 1189.542 1189.538 1189.534 1189.526 1189.504 1189.445 1189.338 1189.188 1188.988 1188.733 1188.455 1188.184 1187.941 1187.744 1187.592 1187.461 1187.331 1187.237 1187.172 1187.129 1187.084 1187.048 1187.015 1187.007 1187.068 1187.023 1186.954 1186.884 1186.819 1186.76 1186.698 1186.641 1186.594 1186.537 1186.478
1189.291 1189.305 1189.325 1189.371 1189.429 1189.502 1189.582 1189.651 1189.693 1189.714 1189.71 1189.687 1189.653 1189.621 1189.597 1189.58 1189.571 1189.572 1189.575 1189.571 1189.564 1189.55 1189.534 1189.517 1189.505 1189.495 1189.485 1189.48 1189.478 1189.475 1189.474 1189.473 1189.463 1189.423 1189.349 1189.237 1189.074 1188.85 1188.58 1188.296 1188.03 1187.807 1187.635 1187.503 1187.379 1187.266 1187.182 1187.132 1187.089 1187.056 1187.021 1187.014 1187.075 1187.025 1186.953 1186.872 1186.817 1186.77 1186.71 1186.629 1186.567 1186.503 1186.443
1189.211 1189.191 1189.186 1189.213 1189.249 1189.298 1189.357 1189.411 1189.453 1189.483 1189.497 1189.499 1189.491 1189.478 1189.465 1189.454 1189.454 1189.462 1189.473 1189.478 1189.476 1189.467 1189.449 1189.431 1189.415 1189.405 1189.397 1189.387 1189.384 1189.389 1189.393 1189.396 1189.395 1189.376 1189.331 1189.248 1189.116 1188.929 1188.681 1188.4 1188.125 1187.885 1187.694 1187.548 1187.428 1187.318 1187.213 1187.14 1187.098 1187.066 1187.028 1187.022 1187.082 1187.026 1186.953 1186.871 1186.81 1186.771 1186.726 1186.668 1186.618 1186.547 1186.465
1189.135 1189.1 1189.069 1189.073 1189.091 1189.12 1189.157 1189.193 1189.224 1189.252 1189.274 1189.29 1189.307 1189.32 1189.325 1189.325 1189.333 1189.349 1189.371 1189.391 1189.399 1189.392 1189.372 1189.35 1189.33 1189.316 1189.303 1189.297 1189.295 1189.302 1189.312 1189.324 1189.333 1189.329 1189.305 1189.245 1189.143 1188.986 1188.763 1188.5 1188.23 1187.983 1187.778 1187.611 1187.478 1187.371 1187.276 1187.173 1187.104 1187.072 1187.036 1187.03 1187.091 1187.03 1186.951 1186.859 1186.788 1186.741 1186.708 1186.679 1186.648 1186.581 1186.488
