Loess_Tablelands_Python_scripts/og_surf6.txt
ncols         626
nrows         626
xllcorner     0
yllcorner     0
cellsize      10.0
NODATA_value  -9999
[rows 532 to 559 of 626, columns 441 to 503 of 626]
1199.862 1199.862 1199.833 1199.774 1199.748 1199.688 1199.651 1199.637 1199.596 1199.534 1199.555 1199.511 1199.455 1199.432 1199.382 1199.338 1199.295 1199.261 1199.21 1199.162 1199.116 1199.096 1199.068 1199.048 1199.015 1199.007 1199.02 1199.001 1198.963 1198.924 1198.873 1198.777 1198.675 1198.578 1198.442 1198.274 1198.164 1198.058 1197.969 1197.891 1197.824 1197.758 1197.711 1197.648 1197.573 1197.44 1197.331 1197.183 1197.023 1196.875 1196.725 1196.602 1196.479 1196.357 1196.267 1196.181 1196.085 1196.06 1196.064 1196.042 1196.051 1196.042 1196.103
1199.825 1199.808 1199.791 1199.758 1199.758 1199.692 1199.65 1199.611 1199.58 1199.574 1199.546 1199.516 1199.493 1199.451 1199.417 1199.371 1199.332 1199.289 1199.233 1199.191 1199.146 1199.124 1199.089 1199.082 1199.066 1199.059 1199.076 1199.08 1199.072 1199.046 1199.009 1198.928 1198.803 1198.68 1198.533 1198.377 1198.28 1198.192 1198.111 1198.032 1197.991 1197.914 1197.887 1197.849 1197.794 1197.711 1197.594 1197.411 1197.236 1197.061 1196.864 1196.698 1196.527 1196.394 1196.287 1196.181 1196.092 1196.035 1196 1195.981 1195.955 1195.917 1195.928
1199.787 1199.792 1199.774 1199.724 1199.752 1199.726 1199.686 1199.657 1199.624 1199.596 1199.565 1199.546 1199.504 1199.458 1199.415 1199.363 1199.319 1199.252 1199.195 1199.133 1199.085 1199.042 1198.994 1198.976 1198.981 1198.95 1198.962 1198.969 1198.98 1198.948 1198.936 1198.853 1198.747 1198.624 1198.508 1198.357 1198.258 1198.178 1198.119 1198.062 1198.015 1197.986 1197.965 1197.968 1197.934 1197.892 1197.818 1197.663 1197.516 1197.327 1197.094 1196.918 1196.707 1196.553 1196.437 1196.313 1196.208 1196.117 1196.038 1196.022 1195.989 1195.951 1195.911
1199.727 1199.704 1199.706 1199.696 1199.704 1199.676 1199.666 1199.647 1199.589 1199.576 1199.552 1199.521 1199.478 1199.437 1199.39 1199.345 1199.288 1199.218 1199.158 1199.073 1199.017 1198.97 1198.92 1198.885 1198.872 1198.875 1198.871 1198.87 1198.884 1198.873 1198.825 1198.774 1198.674 1198.544 1198.435 1198.313 1198.198 1198.111 1198.046 1198.012 1197.965 1197.95 1197.944 1197.96 1197.959 1197.935 1197.902 1197.808 1197.693 1197.491 1197.249 1197.043 1196.808 1196.616 1196.442 1196.301 1196.213 1196.101 1196.009 1195.904 1195.891 1195.859 1195.799
1199.653 1199.67 1199.676 1199.673 1199.685 1199.667 1199.662 1199.637 1199.612 1199.573 1199.537 1199.501 1199.458 1199.415 1199.36 1199.308 1199.232 1199.159 1199.067 1198.982 1198.911 1198.858 1198.8 1198.784 1198.708 1198.683 1198.691 1198.701 1198.686 1198.689 1198.664 1198.615 1198.532 1198.426 1198.338 1198.2 1198.088 1197.997 1197.945 1197.898 1197.86 1197.847 1197.862 1197.88 1197.923 1197.937 1197.924 1197.88 1197.778 1197.615 1197.425 1197.134 1196.867 1196.629 1196.44 1196.279 1196.14 1196.022 1195.905 1195.825 1195.797 1195.786 1195.724
1199.628 1199.659 1199.672 1199.672 1199.677 1199.674 1199.656 1199.653 1199.636 1199.588 1199.545 1199.521 1199.47 1199.422 1199.358 1199.295 1199.203 1199.128 1199.025 1198.93 1198.826 1198.764 1198.693 1198.614 1198.574 1198.538 1198.518 1198.512 1198.505 1198.502 1198.473 1198.44 1198.384 1198.292 1198.187 1198.063 1197.958 1197.862 1197.805 1197.735 1197.703 1197.706 1197.721 1197.753 1197.817 1197.861 1197.878 1197.867 1197.786 1197.696 1197.524 1197.282 1196.977 1196.704 1196.472 1196.261 1196.09 1195.972 1195.834 1195.752 1195.709 1195.687 1195.652
1199.623 1199.683 1199.681 1199.704 1199.699 1199.709 1199.686 1199.686 1199.661 1199.632 1199.59 1199.558 1199.507 1199.446 1199.386 1199.32 1199.221 1199.131 1198.998 1198.893 1198.774 1198.699 1198.607 1198.534 1198.504 1198.463 1198.421 1198.409 1198.41 1198.39 1198.357 1198.324 1198.265 1198.161 1198.071 1197.947 1197.845 1197.731 1197.643 1197.584 1197.549 1197.552 1197.556 1197.594 1197.675 1197.739 1197.749 1197.759 1197.736 1197.653 1197.53 1197.311 1197.041 1196.733 1196.477 1196.239 1196.052 1195.897 1195.775 1195.694 1195.642 1195.588 1195.548
1199.644 1199.704 1199.733 1199.754 1199.757 1199.759 1199.757 1199.743 1199.73 1199.709 1199.661 1199.611 1199.566 1199.511 1199.439 1199.341 1199.257 1199.152 1198.995 1198.884 1198.758 1198.651 1198.535 1198.494 1198.431 1198.391 1198.352 1198.332 1198.327 1198.31 1198.284 1198.249 1198.179 1198.073 1197.99 1197.86 1197.756 1197.624 1197.536 1197.49 1197.43 1197.396 1197.415 1197.475 1197.507 1197.599 1197.641 1197.679 1197.667 1197.619 1197.531 1197.355 1197.11 1196.819 1196.519 1196.256 1196.068 1195.874 1195.752 1195.657 1195.588 1195.522 1195.473
1199.608 1199.679 1199.732 1199.764 1199.785 1199.784 1199.805 1199.797 1199.787 1199.75 1199.704 1199.678 1199.621 1199.566 1199.489 1199.383 1199.271 1199.12 1198.99 1198.865 1198.729 1198.609 1198.518 1198.45 1198.384 1198.338 1198.304 1198.271 1198.26 1198.241 1198.219 1198.179 1198.119 1198.032 1197.913 1197.791 1197.691 1197.562 1197.477 1197.381 1197.325 1197.294 1197.309 1197.339 1197.392 1197.48 1197.548 1197.616 1197.619 1197.586 1197.516 1197.392 1197.187 1196.944 1196.632 1196.349 1196.117 1195.894 1195.748 1195.635 1195.555 1195.495 1195.467
1199.538 1199.611 1199.678 1199.727 1199.755 1199.775 1199.779 1199.762 1199.729 1199.698 1199.685 1199.635 1199.57 1199.503 1199.393 1199.265 1199.121 1199.001 1198.883 1198.75 1198.625 1198.523 1198.405 1198.349 1198.288 1198.252 1198.225 1198.178 1198.172 1198.154 1198.125 1198.09 1198.054 1197.984 1197.863 1197.742 1197.635 1197.506 1197.394 1197.324 1197.278 1197.214 1197.215 1197.235 1197.277 1197.356 1197.45 1197.538 1197.591 1197.603 1197.557 1197.458 1197.297 1197.085 1196.785 1196.474 1196.189 1195.95 1195.766 1195.652 1195.571 1195.493 1195.466
1199.484 1199.553 1199.648 1199.701 1199.737 1199.76 1199.765 1199.76 1199.744 1199.699 1199.637 1199.595 1199.504 1199.412 1199.281 1199.151 1199.035 1198.919 1198.771 1198.625 1198.509 1198.4 1198.284 1198.223 1198.166 1198.137 1198.11 1198.061 1198.039 1198.027 1197.992 1197.971 1197.935 1197.867 1197.756 1197.636 1197.514 1197.385 1197.282 1197.186 1197.143 1197.11 1197.085 1197.104 1197.114 1197.189 1197.3 1197.417 1197.499 1197.54 1197.533 1197.471 1197.354 1197.159 1196.886 1196.57 1196.284 1196.047 1195.839 1195.717 1195.615 1195.5 1195.471
1199.439 1199.55 1199.62 1199.688 1199.726 1199.728 1199.754 1199.733 1199.709 1199.647 1199.603 1199.527 1199.418 1199.303 1199.183 1199.034 1198.91 1198.791 1198.655 1198.524 1198.398 1198.275 1198.186 1198.108 1198.057 1198.025 1197.989 1197.962 1197.915 1197.912 1197.89 1197.861 1197.836 1197.803 1197.693 1197.583 1197.451 1197.313 1197.211 1197.13 1197.072 1197.019 1196.995 1196.988 1196.978 1197.042 1197.143 1197.255 1197.365 1197.439 1197.46 1197.412 1197.314 1197.144 1196.906 1196.63 1196.356 1196.101 1195.869 1195.729 1195.596 1195.504 1195.477
1199.406 1199.519 1199.612 1199.694 1199.724 1199.73 1199.735 1199.672 1199.658 1199.608 1199.527 1199.439 1199.326 1199.198 1199.052 1198.917 1198.771 1198.655 1198.533 1198.42 1198.294 1198.173 1198.085 1198.008 1197.96 1197.911 1197.878 1197.864 1197.844 1197.829 1197.801 1197.808 1197.792 1197.717 1197.629 1197.527 1197.398 1197.264 1197.152 1197.054 1196.99 1196.922 1196.916 1196.892 1196.877 1196.912 1196.979 1197.082 1197.221 1197.343 1197.393 1197.356 1197.276 1197.144 1196.924 1196.684 1196.421 1196.163 1195.853 1195.724 1195.635 1195.576 1195.558
1199.38 1199.498 1199.603 1199.65 1199.682 1199.68 1199.659 1199.626 1199.565 1199.502 1199.409 1199.309 1199.191 1199.045 1198.89 1198.774 1198.628 1198.53 1198.4 1198.292 1198.178 1198.07 1197.981 1197.911 1197.855 1197.801 1197.801 1197.785 1197.753 1197.72 1197.745 1197.735 1197.719 1197.67 1197.602 1197.491 1197.371 1197.232 1197.103 1197.007 1196.946 1196.879 1196.852 1196.82 1196.807 1196.81 1196.842 1196.935 1197.07 1197.207 1197.286 1197.328 1197.28 1197.145 1196.978 1196.76 1196.481 1196.173 1195.91 1195.822 1195.767 1195.712 1195.672
1199.399 1199.56 1199.653 1199.671 1199.65 1199.617 1199.576 1199.534 1199.476 1199.39 1199.299 1199.182 1199.063 1198.907 1198.755 1198.633 1198.504 1198.405 1198.269 1198.163 1198.049 1197.946 1197.868 1197.805 1197.751 1197.699 1197.666 1197.67 1197.672 1197.656 1197.669 1197.647 1197.64 1197.624 1197.586 1197.461 1197.324 1197.216 1197.088 1196.97 1196.903 1196.857 1196.801 1196.768 1196.756 1196.751 1196.762 1196.809 1196.919 1197.071 1197.175 1197.233 1197.219 1197.163 1197.012 1196.796 1196.451 1196.212 1196.051 1195.937 1195.875 1195.804 1195.782
1199.402 1199.529 1199.602 1199.582 1199.54 1199.463 1199.408 1199.359 1199.322 1199.245 1199.137 1199.046 1198.927 1198.782 1198.638 1198.517 1198.393 1198.274 1198.159 1198.062 1197.989 1197.9 1197.802 1197.75 1197.688 1197.627 1197.622 1197.618 1197.612 1197.606 1197.614 1197.603 1197.596 1197.598 1197.562 1197.438 1197.337 1197.23 1197.11 1196.986 1196.878 1196.82 1196.754 1196.731 1196.706 1196.697 1196.68 1196.689 1196.761 1196.883 1196.984 1197.038 1197.074 1197.049 1196.925 1196.704 1196.482 1196.297 1196.127 1195.983 1195.946 1195.91 1195.839
1199.315 1199.456 1199.502 1199.447 1199.358 1199.28 1199.202 1199.154 1199.118 1199.061 1198.954 1198.877 1198.756 1198.628 1198.494 1198.377 1198.235 1198.108 1198.012 1197.901 1197.812 1197.718 1197.644 1197.574 1197.536 1197.501 1197.511 1197.498 1197.509 1197.516 1197.516 1197.524 1197.526 1197.529 1197.494 1197.404 1197.339 1197.244 1197.133 1197.02 1196.883 1196.772 1196.717 1196.697 1196.662 1196.64 1196.638 1196.647 1196.677 1196.751 1196.847 1196.928 1196.989 1196.954 1196.818 1196.671 1196.527 1196.351 1196.172 1196.055 1196.012 1195.958 1195.904
1199.2 1199.328 1199.339 1199.273 1199.159 1199.09 1199.001 1198.95 1198.907 1198.868 1198.797 1198.707 1198.607 1198.505 1198.369 1198.251 1198.127 1197.994 1197.889 1197.794 1197.654 1197.58 1197.51 1197.447 1197.419 1197.399 1197.429 1197.407 1197.412 1197.417 1197.42 1197.436 1197.439 1197.43 1197.405 1197.343 1197.272 1197.216 1197.113 1196.97 1196.84 1196.722 1196.676 1196.627 1196.619 1196.585 1196.562 1196.576 1196.582 1196.617 1196.693 1196.788 1196.823 1196.792 1196.749 1196.667 1196.534 1196.374 1196.219 1196.104 1196.034 1195.974 1195.99
1199.085 1199.164 1199.143 1199.076 1198.972 1198.885 1198.8 1198.746 1198.701 1198.667 1198.601 1198.561 1198.485 1198.382 1198.257 1198.157 1198.008 1197.878 1197.768 1197.664 1197.511 1197.441 1197.376 1197.344 1197.321 1197.291 1197.322 1197.316 1197.317 1197.328 1197.335 1197.37 1197.366 1197.339 1197.318 1197.269 1197.197 1197.15 1197.069 1196.948 1196.814 1196.715 1196.597 1196.568 1196.556 1196.536 1196.471 1196.438 1196.471 1196.512 1196.574 1196.622 1196.651 1196.666 1196.694 1196.619 1196.527 1196.385 1196.252 1196.107 1196.045 1196.03 1196.048
1198.937 1198.993 1198.952 1198.862 1198.766 1198.677 1198.601 1198.558 1198.512 1198.449 1198.447 1198.429 1198.363 1198.269 1198.177 1198.034 1197.91 1197.769 1197.637 1197.513 1197.382 1197.318 1197.256 1197.227 1197.194 1197.186 1197.187 1197.192 1197.197 1197.219 1197.233 1197.282 1197.277 1197.247 1197.21 1197.191 1197.118 1197.07 1197.024 1196.913 1196.779 1196.682 1196.619 1196.559 1196.5 1196.446 1196.396 1196.356 1196.379 1196.443 1196.47 1196.486 1196.542 1196.588 1196.62 1196.555 1196.515 1196.391 1196.255 1196.13 1196.108 1196.085 1196.086
1198.728 1198.796 1198.767 1198.629 1198.525 1198.491 1198.426 1198.37 1198.325 1198.344 1198.307 1198.291 1198.286 1198.227 1198.115 1197.997 1197.858 1197.703 1197.569 1197.428 1197.311 1197.231 1197.167 1197.122 1197.092 1197.099 1197.079 1197.078 1197.08 1197.101 1197.114 1197.138 1197.14 1197.133 1197.08 1197.042 1197.011 1196.958 1196.876 1196.776 1196.732 1196.617 1196.556 1196.493 1196.413 1196.332 1196.299 1196.27 1196.295 1196.347 1196.379 1196.415 1196.485 1196.519 1196.553 1196.516 1196.482 1196.375 1196.259 1196.207 1196.151 1196.121 1196.103
1198.48 1198.565 1198.569 1198.431 1198.315 1198.27 1198.213 1198.14 1198.141 1198.134 1198.126 1198.141 1198.144 1198.093 1198.023 1197.933 1197.789 1197.623 1197.47 1197.328 1197.221 1197.129 1197.049 1197.005 1196.991 1196.995 1196.995 1196.996 1196.993 1197.016 1197.004 1197.034 1197.032 1197.008 1196.99 1196.964 1196.869 1196.831 1196.766 1196.672 1196.63 1196.583 1196.54 1196.445 1196.351 1196.259 1196.235 1196.225 1196.245 1196.273 1196.352 1196.417 1196.471 1196.492 1196.544 1196.49 1196.436 1196.365 1196.322 1196.279 1196.187 1196.162 1196.158
1198.264 1198.378 1198.373 1198.3 1198.16 1198.016 1197.943 1197.913 1197.912 1197.898 1197.911 1197.904 1197.937 1197.931 1197.885 1197.801 1197.653 1197.48 1197.305 1197.165 1197.073 1196.976 1196.891 1196.854 1196.842 1196.835 1196.855 1196.863 1196.848 1196.846 1196.859 1196.885 1196.895 1196.853 1196.832 1196.794 1196.728 1196.689 1196.633 1196.589 1196.562 1196.528 1196.471 1196.351 1196.267 1196.213 1196.203 1196.209 1196.231 1196.276 1196.388 1196.444 1196.486 1196.52 1196.563 1196.486 1196.44 1196.464 1196.399 1196.349 1196.268 1196.259 1196.204
1198.089 1198.212 1198.211 1198.161 1198.005 1197.901 1197.866 1197.856 1197.843 1197.82 1197.824 1197.823 1197.852 1197.886 1197.839 1197.768 1197.619 1197.421 1197.226 1197.056 1196.944 1196.845 1196.78 1196.731 1196.719 1196.695 1196.681 1196.67 1196.655 1196.669 1196.669 1196.671 1196.677 1196.656 1196.633 1196.608 1196.559 1196.518 1196.493 1196.48 1196.46 1196.425 1196.366 1196.26 1196.202 1196.189 1196.198 1196.216 1196.269 1196.343 1196.423 1196.443 1196.472 1196.478 1196.49 1196.501 1196.51 1196.475 1196.456 1196.413 1196.345 1196.304 1196.276
1197.94 1198.058 1198.082 1197.983 1197.853 1197.813 1197.806 1197.777 1197.771 1197.763 1197.767 1197.792 1197.834 1197.898 1197.89 1197.846 1197.717 1197.51 1197.286 1197.074 1196.911 1196.82 1196.766 1196.71 1196.679 1196.656 1196.656 1196.641 1196.634 1196.629 1196.62 1196.61 1196.595 1196.588 1196.546 1196.518 1196.479 1196.443 1196.411 1196.405 1196.383 1196.354 1196.309 1196.235 1196.205 1196.208 1196.24 1196.276 1196.365 1196.425 1196.453 1196.499 1196.531 1196.526 1196.561 1196.569 1196.587 1196.568 1196.553 1196.508 1196.461 1196.438 1196.378
1197.809 1197.937 1197.906 1197.843 1197.775 1197.735 1197.708 1197.664 1197.655 1197.655 1197.676 1197.718 1197.79 1197.876 1197.922 1197.902 1197.789 1197.589 1197.299 1197.075 1196.882 1196.78 1196.75 1196.703 1196.673 1196.678 1196.656 1196.666 1196.652 1196.648 1196.636 1196.625 1196.6 1196.59 1196.571 1196.543 1196.502 1196.469 1196.437 1196.432 1196.401 1196.383 1196.364 1196.308 1196.288 1196.287 1196.333 1196.372 1196.414 1196.438 1196.509 1196.59 1196.599 1196.622 1196.698 1196.708 1196.699 1196.666 1196.684 1196.66 1196.613 1196.579 1196.534
1197.695 1197.741 1197.782 1197.801 1197.737 1197.671 1197.617 1197.561 1197.539 1197.552 1197.575 1197.621 1197.713 1197.808 1197.874 1197.865 1197.758 1197.512 1197.22 1197.01 1196.843 1196.743 1196.677 1196.631 1196.625 1196.618 1196.616 1196.646 1196.644 1196.654 1196.639 1196.64 1196.638 1196.609 1196.615 1196.589 1196.551 1196.523 1196.518 1196.506 1196.477 1196.475 1196.481 1196.47 1196.447 1196.429 1196.468 1196.48 1196.505 1196.554 1196.579 1196.654 1196.738 1196.807 1196.87 1196.866 1196.849 1196.841 1196.836 1196.816 1196.795 1196.773 1196.74
1197.536 1197.602 1197.757 1197.801 1197.72 1197.619 1197.547 1197.485 1197.464 1197.476 1197.493 1197.541 1197.645 1197.726 1197.793 1197.753 1197.658 1197.424 1197.163 1196.93 1196.768 1196.666 1196.604 1196.552 1196.551 1196.546 1196.539 1196.58 1196.584 1196.598 1196.605 1196.626 1196.639 1196.627 1196.629 1196.609 1196.586 1196.558 1196.566 1196.548 1196.538 1196.535 1196.544 1196.533 1196.537 1196.559 1196.596 1196.594 1196.633 1196.663 1196.678 1196.807 1196.945 1197.003 1197.04 1197.054 1197.051 1197.036 1197.02 1197.003 1196.984 1196.989 1196.967
