Loess_Tablelands_Python_scripts/og_surf4.txt
ncols         626
nrows         626
xllcorner     0
yllcorner     0
cellsize      10.0
NODATA_value  -9999
[rows 28 to 55 of 626, columns 189 to 251 of 626]
1195.07 1195.144 1195.148 1195.073 1194.97 1194.888 1194.829 1194.763 1194.685 1194.614 1194.546 1194.469 1194.395 1194.334 1194.267 1194.175 1194.05 1193.904 1193.753 1193.604 1193.483 1193.386 1193.301 1193.225 1193.155 1193.085 1192.989 1192.882 1192.96 1193.138 1193.254 1193.371 1193.51 1193.677 1193.872 1194.086 1194.289 1194.474 1194.64 1194.778 1194.878 1194.944 1195.009 1195.071 1195.123 1195.192 1195.3 1195.448 1195.647 1195.911 1196.234 1196.486 1196.609 1197.184 1197.68 1197.957 1197.997 1197.871 1197.672 1197.41 1197.106 1196.508 1195.79
1194.966 1195.042 1195.105 1195.074 1194.997 1194.914 1194.843 1194.762 1194.667 1194.579 1194.505 1194.428 1194.348 1194.273 1194.191 1194.088 1193.962 1193.83 1193.686 1193.539 1193.424 1193.332 1193.248 1193.174 1193.105 1193.015 1192.896 1192.822 1192.941 1193.106 1193.213 1193.33 1193.473 1193.643 1193.839 1194.052 1194.259 1194.456 1194.633 1194.776 1194.865 1194.916 1194.968 1195.014 1195.044 1195.08 1195.157 1195.277 1195.434 1195.65 1195.931 1196.133 1196.278 1196.787 1197.236 1197.528 1197.611 1197.546 1197.417 1197.238 1197.009 1196.532 1195.829
1194.906 1194.926 1195.025 1195.042 1195.016 1194.964 1194.894 1194.798 1194.687 1194.576 1194.482 1194.392 1194.302 1194.214 1194.12 1194.016 1193.896 1193.76 1193.612 1193.466 1193.34 1193.235 1193.157 1193.095 1193.039 1192.952 1192.824 1192.783 1192.93 1193.082 1193.186 1193.305 1193.451 1193.619 1193.811 1194.015 1194.221 1194.43 1194.62 1194.762 1194.838 1194.881 1194.926 1194.959 1194.979 1195.001 1195.053 1195.142 1195.267 1195.441 1195.668 1195.822 1195.972 1196.412 1196.785 1197.057 1197.207 1197.202 1197.109 1196.983 1196.815 1196.399 1195.792
1194.89 1194.828 1194.887 1194.916 1194.922 1194.897 1194.825 1194.723 1194.612 1194.492 1194.374 1194.266 1194.167 1194.071 1193.968 1193.864 1193.75 1193.619 1193.48 1193.341 1193.209 1193.097 1193.021 1192.969 1192.929 1192.866 1192.76 1192.753 1192.899 1193.04 1193.16 1193.302 1193.461 1193.629 1193.806 1193.994 1194.198 1194.415 1194.612 1194.75 1194.825 1194.866 1194.892 1194.909 1194.926 1194.95 1194.983 1195.035 1195.123 1195.257 1195.43 1195.543 1195.685 1196.079 1196.362 1196.531 1196.748 1196.839 1196.788 1196.681 1196.523 1196.133 1195.708
1194.907 1194.788 1194.765 1194.763 1194.746 1194.702 1194.619 1194.511 1194.398 1194.292 1194.177 1194.059 1193.947 1193.843 1193.732 1193.632 1193.524 1193.397 1193.265 1193.144 1193.034 1192.941 1192.877 1192.83 1192.79 1192.753 1192.704 1192.719 1192.812 1192.925 1193.073 1193.263 1193.463 1193.649 1193.821 1193.992 1194.183 1194.397 1194.592 1194.727 1194.793 1194.825 1194.841 1194.852 1194.868 1194.888 1194.906 1194.93 1194.98 1195.073 1195.205 1195.293 1195.421 1195.787 1196.046 1196.059 1196.207 1196.403 1196.45 1196.358 1196.131 1195.787 1195.661
1194.975 1194.807 1194.71 1194.676 1194.646 1194.585 1194.5 1194.426 1194.367 1194.322 1194.26 1194.139 1193.969 1193.794 1193.626 1193.48 1193.352 1193.231 1193.114 1193.009 1192.918 1192.844 1192.791 1192.743 1192.693 1192.665 1192.666 1192.681 1192.702 1192.778 1192.94 1193.169 1193.409 1193.621 1193.805 1193.961 1194.127 1194.322 1194.511 1194.646 1194.713 1194.74 1194.754 1194.766 1194.782 1194.794 1194.803 1194.814 1194.841 1194.897 1195.001 1195.074 1195.182 1195.504 1195.864 1195.912 1195.802 1195.846 1195.92 1195.855 1195.719 1195.651 1195.771
1195.069 1194.857 1194.679 1194.543 1194.491 1194.486 1194.473 1194.431 1194.384 1194.361 1194.341 1194.236 1194.033 1193.811 1193.602 1193.417 1193.262 1193.142 1193.037 1192.943 1192.864 1192.799 1192.744 1192.696 1192.651 1192.625 1192.635 1192.64 1192.63 1192.689 1192.857 1193.11 1193.378 1193.608 1193.8 1193.952 1194.097 1194.259 1194.422 1194.552 1194.627 1194.66 1194.673 1194.678 1194.684 1194.687 1194.691 1194.7 1194.72 1194.757 1194.837 1194.884 1194.974 1195.235 1195.535 1195.848 1195.876 1195.745 1195.694 1195.69 1195.721 1195.777 1195.729
1195.192 1194.934 1194.727 1194.537 1194.387 1194.328 1194.34 1194.333 1194.314 1194.309 1194.312 1194.225 1194.02 1193.778 1193.554 1193.358 1193.196 1193.066 1192.954 1192.848 1192.768 1192.699 1192.636 1192.589 1192.559 1192.548 1192.55 1192.546 1192.528 1192.567 1192.734 1193.015 1193.318 1193.571 1193.778 1193.949 1194.089 1194.216 1194.34 1194.461 1194.547 1194.59 1194.606 1194.605 1194.599 1194.593 1194.594 1194.608 1194.625 1194.654 1194.713 1194.734 1194.794 1195.02 1195.21 1195.455 1195.699 1195.822 1195.831 1195.798 1195.726 1195.577 1195.329
1195.376 1195.054 1194.796 1194.597 1194.42 1194.263 1194.172 1194.148 1194.161 1194.179 1194.19 1194.113 1193.919 1193.678 1193.461 1193.277 1193.125 1192.991 1192.873 1192.757 1192.663 1192.584 1192.521 1192.474 1192.448 1192.448 1192.433 1192.424 1192.412 1192.443 1192.581 1192.84 1193.162 1193.448 1193.685 1193.887 1194.042 1194.16 1194.256 1194.36 1194.445 1194.492 1194.514 1194.519 1194.517 1194.507 1194.504 1194.521 1194.546 1194.564 1194.598 1194.585 1194.615 1194.838 1194.985 1195.127 1195.294 1195.453 1195.528 1195.502 1195.399 1195.201 1194.951
1195.586 1195.206 1194.89 1194.657 1194.474 1194.3 1194.133 1194.014 1193.968 1193.976 1193.984 1193.913 1193.746 1193.539 1193.356 1193.208 1193.075 1192.949 1192.836 1192.724 1192.627 1192.542 1192.469 1192.412 1192.373 1192.353 1192.326 1192.32 1192.315 1192.329 1192.419 1192.624 1192.93 1193.245 1193.523 1193.764 1193.954 1194.084 1194.169 1194.248 1194.314 1194.351 1194.371 1194.386 1194.399 1194.397 1194.395 1194.408 1194.424 1194.431 1194.44 1194.39 1194.443 1194.675 1194.797 1194.898 1195.006 1195.13 1195.208 1195.195 1195.109 1194.939 1194.731
1195.784 1195.378 1195.014 1194.731 1194.521 1194.352 1194.184 1194.007 1193.858 1193.775 1193.727 1193.646 1193.516 1193.369 1193.236 1193.127 1193.019 1192.911 1192.809 1192.705 1192.61 1192.524 1192.446 1192.381 1192.317 1192.252 1192.198 1192.215 1192.234 1192.234 1192.278 1192.414 1192.659 1192.976 1193.296 1193.585 1193.824 1193.987 1194.076 1194.135 1194.177 1194.199 1194.215 1194.236 1194.263 1194.275 1194.28 1194.296 1194.313 1194.322 1194.317 1194.227 1194.274 1194.523 1194.635 1194.721 1194.8 1194.897 1194.978 1194.998 1194.954 1194.813 1194.602
1195.928 1195.535 1195.149 1194.829 1194.581 1194.392 1194.233 1194.071 1193.89 1193.707 1193.557 1193.429 1193.312 1193.207 1193.109 1193.012 1192.921 1192.829 1192.738 1192.657 1192.583 1192.505 1192.427 1192.348 1192.262 1192.172 1192.082 1192.077 1192.133 1192.153 1192.172 1192.245 1192.409 1192.688 1193.027 1193.357 1193.644 1193.853 1193.956 1194.001 1194.02 1194.028 1194.04 1194.065 1194.096 1194.122 1194.145 1194.162 1194.183 1194.211 1194.203 1194.074 1194.11 1194.377 1194.489 1194.565 1194.63 1194.706 1194.785 1194.837 1194.836 1194.727 1194.51
1195.991 1195.642 1195.263 1194.938 1194.671 1194.457 1194.279 1194.115 1193.959 1193.792 1193.626 1193.482 1193.363 1193.26 1193.171 1193.076 1192.977 1192.875 1192.777 1192.686 1192.604 1192.523 1192.441 1192.355 1192.263 1192.173 1192.069 1191.977 1191.998 1192.073 1192.098 1192.123 1192.22 1192.438 1192.759 1193.12 1193.445 1193.688 1193.81 1193.854 1193.861 1193.857 1193.861 1193.881 1193.914 1193.955 1193.995 1194.029 1194.062 1194.095 1194.085 1193.919 1193.942 1194.231 1194.344 1194.418 1194.474 1194.531 1194.605 1194.688 1194.736 1194.663 1194.452
1195.946 1195.678 1195.34 1195.036 1194.777 1194.556 1194.365 1194.183 1194.018 1193.855 1193.701 1193.555 1193.422 1193.306 1193.218 1193.129 1193.023 1192.917 1192.816 1192.719 1192.629 1192.546 1192.461 1192.372 1192.281 1192.198 1192.108 1191.966 1191.883 1191.973 1192.035 1192.033 1192.081 1192.238 1192.513 1192.877 1193.231 1193.494 1193.645 1193.705 1193.704 1193.689 1193.678 1193.691 1193.726 1193.771 1193.828 1193.89 1193.936 1193.971 1193.958 1193.754 1193.756 1194.071 1194.191 1194.269 1194.321 1194.368 1194.449 1194.562 1194.656 1194.636 1194.467
1195.794 1195.635 1195.367 1195.1 1194.862 1194.658 1194.47 1194.283 1194.105 1193.929 1193.76 1193.605 1193.465 1193.344 1193.245 1193.153 1193.049 1192.945 1192.842 1192.744 1192.654 1192.572 1192.485 1192.391 1192.291 1192.194 1192.105 1191.995 1191.839 1191.845 1191.95 1191.958 1191.967 1192.082 1192.299 1192.625 1192.987 1193.272 1193.464 1193.558 1193.567 1193.54 1193.514 1193.512 1193.536 1193.582 1193.652 1193.735 1193.799 1193.841 1193.821 1193.57 1193.535 1193.867 1194.011 1194.105 1194.169 1194.233 1194.329 1194.447 1194.56 1194.604 1194.504
1195.581 1195.508 1195.312 1195.091 1194.888 1194.716 1194.562 1194.401 1194.231 1194.056 1193.875 1193.696 1193.532 1193.383 1193.26 1193.154 1193.046 1192.943 1192.845 1192.752 1192.667 1192.589 1192.507 1192.414 1192.305 1192.186 1192.077 1191.984 1191.844 1191.729 1191.811 1191.852 1191.848 1191.949 1192.127 1192.396 1192.731 1193.037 1193.276 1193.409 1193.431 1193.4 1193.359 1193.334 1193.346 1193.388 1193.463 1193.561 1193.642 1193.699 1193.668 1193.351 1193.23 1193.557 1193.758 1193.921 1194.031 1194.125 1194.217 1194.312 1194.424 1194.516 1194.492
1195.357 1195.328 1195.187 1195.014 1194.852 1194.714 1194.605 1194.504 1194.376 1194.224 1194.044 1193.843 1193.641 1193.451 1193.294 1193.162 1193.039 1192.929 1192.833 1192.745 1192.664 1192.591 1192.518 1192.432 1192.322 1192.198 1192.074 1191.964 1191.843 1191.678 1191.662 1191.721 1191.726 1191.805 1191.939 1192.155 1192.446 1192.759 1193.041 1193.22 1193.267 1193.234 1193.174 1193.138 1193.138 1193.17 1193.241 1193.349 1193.447 1193.524 1193.487 1193.095 1192.808 1193.09 1193.386 1193.697 1193.904 1194.02 1194.101 1194.177 1194.268 1194.373 1194.411
1195.162 1195.152 1195.052 1194.922 1194.8 1194.696 1194.619 1194.555 1194.475 1194.373 1194.235 1194.04 1193.804 1193.569 1193.369 1193.2 1193.053 1192.93 1192.829 1192.741 1192.661 1192.598 1192.537 1192.462 1192.349 1192.217 1192.081 1191.954 1191.833 1191.694 1191.585 1191.581 1191.605 1191.669 1191.762 1191.921 1192.163 1192.461 1192.768 1192.997 1193.087 1193.054 1192.977 1192.929 1192.912 1192.925 1192.985 1193.091 1193.201 1193.303 1193.271 1192.843 1192.376 1192.593 1193.109 1193.602 1193.844 1193.932 1194.003 1194.071 1194.148 1194.248 1194.307
1195.022 1195.012 1194.934 1194.838 1194.746 1194.668 1194.609 1194.561 1194.515 1194.458 1194.376 1194.223 1193.991 1193.727 1193.484 1193.275 1193.102 1192.964 1192.853 1192.756 1192.679 1192.624 1192.576 1192.528 1192.458 1192.352 1192.253 1192.129 1191.953 1191.78 1191.626 1191.524 1191.5 1191.538 1191.611 1191.724 1191.912 1192.174 1192.481 1192.75 1192.893 1192.882 1192.797 1192.729 1192.691 1192.683 1192.719 1192.807 1192.927 1193.049 1193.023 1192.602 1192.137 1192.581 1193.219 1193.557 1193.727 1193.814 1193.896 1193.96 1194.031 1194.11 1194.158
1194.909 1194.901 1194.837 1194.759 1194.682 1194.623 1194.579 1194.543 1194.513 1194.482 1194.441 1194.342 1194.157 1193.904 1193.638 1193.397 1193.2 1193.043 1192.908 1192.792 1192.712 1192.663 1192.633 1192.618 1192.595 1192.562 1192.557 1192.452 1192.195 1191.907 1191.689 1191.551 1191.468 1191.442 1191.478 1191.559 1191.697 1191.91 1192.195 1192.479 1192.661 1192.694 1192.622 1192.54 1192.484 1192.457 1192.456 1192.524 1192.65 1192.778 1192.752 1192.358 1191.953 1192.426 1193.097 1193.405 1193.566 1193.695 1193.801 1193.865 1193.933 1193.984 1194.012
1194.835 1194.82 1194.759 1194.687 1194.623 1194.575 1194.539 1194.511 1194.488 1194.47 1194.449 1194.393 1194.276 1194.079 1193.825 1193.571 1193.354 1193.171 1193.01 1192.877 1192.791 1192.736 1192.709 1192.71 1192.722 1192.734 1192.789 1192.75 1192.48 1192.094 1191.78 1191.595 1191.477 1191.402 1191.384 1191.424 1191.514 1191.672 1191.911 1192.175 1192.369 1192.441 1192.413 1192.339 1192.275 1192.231 1192.211 1192.268 1192.384 1192.502 1192.471 1192.106 1191.838 1192.379 1192.939 1193.148 1193.34 1193.573 1193.72 1193.804 1193.88 1193.902 1193.915
1194.825 1194.802 1194.733 1194.658 1194.595 1194.547 1194.509 1194.48 1194.457 1194.443 1194.428 1194.402 1194.35 1194.226 1194.009 1193.767 1193.554 1193.357 1193.176 1193.027 1192.926 1192.86 1192.828 1192.833 1192.849 1192.867 1192.921 1192.917 1192.692 1192.286 1191.907 1191.651 1191.495 1191.396 1191.34 1191.335 1191.374 1191.464 1191.628 1191.834 1192.015 1192.119 1192.141 1192.1 1192.049 1192.008 1191.994 1192.027 1192.106 1192.21 1192.191 1191.867 1191.755 1192.307 1192.65 1192.785 1193.107 1193.463 1193.673 1193.809 1193.878 1193.877 1193.873
1194.851 1194.821 1194.741 1194.658 1194.589 1194.534 1194.49 1194.458 1194.434 1194.417 1194.402 1194.393 1194.388 1194.346 1194.203 1193.987 1193.786 1193.598 1193.411 1193.241 1193.113 1193.03 1192.991 1192.99 1192.994 1192.996 1193.021 1193.008 1192.82 1192.447 1192.055 1191.747 1191.536 1191.404 1191.326 1191.299 1191.295 1191.312 1191.385 1191.51 1191.663 1191.78 1191.831 1191.835 1191.817 1191.782 1191.767 1191.782 1191.837 1191.925 1191.912 1191.658 1191.592 1192.006 1192.313 1192.591 1193.029 1193.423 1193.75 1194.054 1193.947 1193.895 1193.861
1194.887 1194.841 1194.748 1194.652 1194.573 1194.511 1194.462 1194.425 1194.399 1194.38 1194.362 1194.349 1194.358 1194.376 1194.321 1194.164 1194.004 1193.859 1193.701 1193.518 1193.348 1193.233 1193.176 1193.161 1193.147 1193.128 1193.124 1193.091 1192.918 1192.589 1192.21 1191.879 1191.62 1191.441 1191.328 1191.278 1191.259 1191.243 1191.243 1191.293 1191.385 1191.481 1191.548 1191.582 1191.589 1191.559 1191.541 1191.55 1191.59 1191.665 1191.665 1191.481 1191.444 1191.806 1192.23 1192.639 1193.105 1193.458 1193.877 1194.413 1194.056 1193.91 1193.862
1194.934 1194.867 1194.755 1194.643 1194.553 1194.48 1194.421 1194.374 1194.342 1194.324 1194.31 1194.294 1194.294 1194.318 1194.32 1194.251 1194.166 1194.096 1193.999 1193.823 1193.616 1193.456 1193.365 1193.327 1193.294 1193.257 1193.23 1193.18 1193.017 1192.722 1192.368 1192.025 1191.728 1191.503 1191.344 1191.254 1191.212 1191.199 1191.181 1191.163 1191.183 1191.233 1191.289 1191.33 1191.355 1191.343 1191.327 1191.336 1191.369 1191.439 1191.457 1191.328 1191.408 1191.888 1192.347 1192.675 1193.135 1193.476 1193.753 1194.034 1193.997 1193.888 1193.82
1194.996 1194.922 1194.787 1194.655 1194.552 1194.47 1194.403 1194.346 1194.3 1194.27 1194.25 1194.234 1194.223 1194.226 1194.242 1194.239 1194.226 1194.23 1194.211 1194.081 1193.874 1193.687 1193.563 1193.496 1193.443 1193.393 1193.347 1193.274 1193.104 1192.832 1192.502 1192.152 1191.833 1191.573 1191.383 1191.256 1191.172 1191.137 1191.138 1191.113 1191.079 1191.07 1191.091 1191.114 1191.135 1191.138 1191.138 1191.147 1191.176 1191.246 1191.282 1191.201 1191.422 1191.922 1192.246 1192.551 1193.023 1193.457 1193.782 1193.924 1194.162 1194.08 1193.816
1195.023 1194.972 1194.837 1194.691 1194.567 1194.469 1194.386 1194.309 1194.239 1194.192 1194.16 1194.135 1194.113 1194.101 1194.117 1194.143 1194.179 1194.233 1194.277 1194.221 1194.069 1193.903 1193.777 1193.69 1193.619 1193.556 1193.494 1193.393 1193.211 1192.946 1192.627 1192.286 1191.957 1191.67 1191.449 1191.292 1191.172 1191.092 1191.084 1191.075 1191.038 1190.995 1190.971 1190.962 1190.96 1190.965 1190.978 1190.989 1191.013 1191.085 1191.136 1191.113 1191.383 1191.706 1191.959 1192.326 1192.812 1193.338 1193.701 1193.846 1194.155 1194.061 1193.779
1194.948 1194.943 1194.829 1194.674 1194.535 1194.426 1194.333 1194.245 1194.156 1194.088 1194.035 1193.995 1193.967 1193.953 1193.962 1193.991 1194.047 1194.129 1194.216 1194.237 1194.172 1194.065 1193.975 1193.905 1193.834 1193.763 1193.677 1193.545 1193.353 1193.089 1192.773 1192.437 1192.107 1191.803 1191.552 1191.357 1191.208 1191.091 1191.026 1191.016 1191.006 1190.973 1190.927 1190.886 1190.855 1190.838 1190.841 1190.856 1190.885 1190.957 1191.012 1191.047 1191.235 1191.433 1191.683 1192.002 1192.413 1192.872 1193.28 1193.636 1194.044 1193.936 1193.698
