Loess_Tablelands_Python_scripts/og_surf6.txt
ncols         626
nrows         626
xllcorner     0
yllcorner     0
cellsize      10.0
NODATA_value  -9999
[rows 504 to 531 of 626, columns 126 to 188 of 626]
1208.321 1208.221 1208.037 1207.826 1207.63 1207.473 1207.35 1207.184 1206.902 1207.097 1207.357 1207.553 1207.771 1208.008 1208.258 1208.467 1208.627 1208.75 1208.817 1208.854 1208.9 1208.885 1208.894 1208.844 1208.803 1208.777 1208.751 1208.719 1208.678 1208.65 1208.613 1208.581 1208.574 1208.549 1208.524 1208.515 1208.513 1208.505 1208.481 1208.563 1208.403 1208.379 1208.373 1208.327 1208.296 1208.266 1208.244 1208.222 1208.199 1208.117 1208.058 1207.946 1207.763 1207.52 1207.297 1207.064 1206.847 1206.65 1206.419 1206.223 1206.201 1206.336 1206.36
1208.346 1208.245 1208.1 1207.93 1207.763 1207.617 1207.514 1207.373 1207.307 1207.325 1207.498 1207.714 1207.901 1208.12 1208.336 1208.53 1208.684 1208.784 1208.844 1208.873 1208.89 1208.896 1208.888 1208.828 1208.786 1208.754 1208.715 1208.667 1208.635 1208.619 1208.6 1208.583 1208.574 1208.568 1208.561 1208.558 1208.559 1208.554 1208.518 1208.591 1208.424 1208.359 1208.322 1208.305 1208.237 1208.21 1208.177 1208.135 1208.084 1208.037 1207.984 1207.915 1207.775 1207.544 1207.288 1207.025 1206.805 1206.609 1206.417 1206.205 1205.962 1206.058 1206.078
1208.378 1208.29 1208.168 1208.035 1207.894 1207.772 1207.664 1207.509 1207.567 1207.517 1207.595 1207.841 1208.018 1208.201 1208.402 1208.564 1208.707 1208.807 1208.872 1208.909 1208.912 1208.894 1208.879 1208.823 1208.768 1208.749 1208.696 1208.651 1208.618 1208.604 1208.59 1208.568 1208.556 1208.561 1208.564 1208.567 1208.577 1208.589 1208.522 1208.616 1208.471 1208.34 1208.3 1208.266 1208.186 1208.158 1208.11 1208.045 1207.983 1207.939 1207.907 1207.852 1207.749 1207.53 1207.281 1207.032 1206.797 1206.565 1206.378 1206.22 1205.935 1205.785 1205.756
1208.436 1208.364 1208.253 1208.149 1208.018 1207.916 1207.816 1207.789 1207.775 1207.779 1207.733 1207.935 1208.126 1208.286 1208.45 1208.598 1208.735 1208.835 1208.905 1208.942 1208.949 1208.902 1208.865 1208.816 1208.766 1208.742 1208.691 1208.655 1208.613 1208.597 1208.577 1208.562 1208.536 1208.543 1208.543 1208.528 1208.552 1208.554 1208.496 1208.561 1208.446 1208.315 1208.214 1208.147 1208.089 1208.051 1207.992 1207.929 1207.867 1207.821 1207.805 1207.758 1207.666 1207.486 1207.283 1207.05 1206.79 1206.539 1206.361 1206.199 1206.011 1205.768 1205.498
1208.512 1208.448 1208.37 1208.281 1208.185 1208.106 1208.004 1208.004 1207.966 1207.99 1207.973 1208.039 1208.212 1208.354 1208.494 1208.624 1208.735 1208.84 1208.914 1208.963 1208.984 1208.932 1208.864 1208.81 1208.77 1208.727 1208.683 1208.644 1208.608 1208.573 1208.542 1208.516 1208.491 1208.487 1208.483 1208.498 1208.499 1208.49 1208.487 1208.561 1208.42 1208.308 1208.167 1208.074 1207.98 1207.934 1207.86 1207.796 1207.734 1207.703 1207.681 1207.625 1207.534 1207.419 1207.266 1207.047 1206.791 1206.513 1206.317 1206.107 1205.953 1205.769 1205.578
1208.595 1208.541 1208.497 1208.43 1208.364 1208.291 1208.245 1208.229 1208.185 1208.194 1208.195 1208.231 1208.322 1208.447 1208.567 1208.682 1208.773 1208.845 1208.909 1208.963 1208.981 1208.944 1208.863 1208.788 1208.743 1208.701 1208.652 1208.591 1208.551 1208.478 1208.433 1208.419 1208.406 1208.391 1208.397 1208.416 1208.43 1208.403 1208.405 1208.489 1208.354 1208.249 1208.123 1208.023 1207.902 1207.829 1207.752 1207.682 1207.632 1207.616 1207.557 1207.463 1207.399 1207.332 1207.229 1207.032 1206.779 1206.521 1206.268 1206.05 1205.839 1205.665 1205.499
1208.703 1208.641 1208.609 1208.57 1208.518 1208.475 1208.461 1208.433 1208.423 1208.402 1208.405 1208.421 1208.466 1208.557 1208.66 1208.752 1208.819 1208.865 1208.914 1208.954 1208.943 1208.898 1208.813 1208.721 1208.66 1208.628 1208.591 1208.479 1208.424 1208.371 1208.312 1208.284 1208.269 1208.263 1208.297 1208.33 1208.35 1208.307 1208.331 1208.41 1208.273 1208.18 1208.085 1207.96 1207.823 1207.719 1207.65 1207.587 1207.546 1207.514 1207.429 1207.342 1207.294 1207.227 1207.152 1207.005 1206.779 1206.539 1206.285 1206.016 1205.777 1205.607 1205.431
1208.827 1208.773 1208.733 1208.708 1208.675 1208.673 1208.676 1208.671 1208.671 1208.646 1208.623 1208.608 1208.622 1208.68 1208.761 1208.813 1208.856 1208.9 1208.935 1208.943 1208.906 1208.815 1208.728 1208.635 1208.561 1208.467 1208.391 1208.323 1208.258 1208.195 1208.179 1208.15 1208.129 1208.134 1208.17 1208.223 1208.258 1208.196 1208.242 1208.319 1208.201 1208.133 1208.026 1207.875 1207.721 1207.612 1207.532 1207.468 1207.383 1207.315 1207.272 1207.206 1207.153 1207.088 1206.992 1206.864 1206.712 1206.54 1206.309 1206.033 1205.741 1205.526 1205.318
1208.944 1208.895 1208.849 1208.84 1208.826 1208.843 1208.861 1208.886 1208.896 1208.871 1208.829 1208.781 1208.776 1208.8 1208.848 1208.87 1208.901 1208.93 1208.943 1208.912 1208.828 1208.73 1208.638 1208.536 1208.433 1208.291 1208.171 1208.111 1208.044 1207.939 1207.952 1207.956 1207.956 1207.974 1208.042 1208.115 1208.161 1208.075 1208.14 1208.222 1208.132 1208.066 1207.927 1207.777 1207.629 1207.53 1207.426 1207.345 1207.246 1207.166 1207.125 1207.048 1207.014 1206.927 1206.821 1206.721 1206.599 1206.432 1206.236 1205.972 1205.652 1205.4 1205.166
1209.072 1209.015 1208.987 1208.971 1208.959 1208.976 1209.005 1209.043 1209.06 1209.039 1208.994 1208.928 1208.914 1208.905 1208.905 1208.917 1208.916 1208.915 1208.905 1208.849 1208.74 1208.629 1208.5 1208.395 1208.268 1208.13 1207.883 1207.742 1207.784 1207.742 1207.687 1207.706 1207.729 1207.784 1207.903 1208.009 1208.062 1207.943 1208.03 1208.124 1208.053 1207.965 1207.836 1207.683 1207.551 1207.421 1207.271 1207.179 1207.109 1207.039 1207.013 1206.927 1206.87 1206.776 1206.677 1206.566 1206.455 1206.293 1206.078 1205.803 1205.503 1205.273 1205.027
1209.177 1209.126 1209.092 1209.074 1209.07 1209.079 1209.1 1209.134 1209.152 1209.158 1209.111 1209.047 1209.016 1208.998 1208.965 1208.934 1208.891 1208.875 1208.851 1208.8 1208.674 1208.531 1208.374 1208.248 1208.113 1207.958 1207.717 1207.449 1207.424 1207.443 1207.377 1207.466 1207.489 1207.591 1207.765 1207.893 1207.942 1207.791 1207.901 1207.996 1207.944 1207.868 1207.748 1207.609 1207.465 1207.314 1207.134 1207.061 1206.99 1206.907 1206.844 1206.795 1206.721 1206.607 1206.541 1206.427 1206.331 1206.161 1205.953 1205.687 1205.39 1205.165 1204.921
1209.287 1209.224 1209.178 1209.158 1209.148 1209.153 1209.159 1209.177 1209.204 1209.232 1209.196 1209.136 1209.08 1209.031 1208.958 1208.907 1208.844 1208.8 1208.767 1208.701 1208.58 1208.417 1208.267 1208.12 1207.966 1207.794 1207.604 1207.308 1207.1 1207.017 1207.093 1207.202 1207.25 1207.406 1207.621 1207.743 1207.773 1207.617 1207.774 1207.824 1207.741 1207.684 1207.611 1207.477 1207.257 1207.077 1206.969 1206.85 1206.733 1206.67 1206.623 1206.563 1206.484 1206.387 1206.313 1206.188 1206.108 1205.957 1205.791 1205.561 1205.274 1205.024 1204.788
1209.377 1209.306 1209.257 1209.227 1209.199 1209.198 1209.203 1209.204 1209.224 1209.256 1209.254 1209.203 1209.129 1209.052 1208.944 1208.863 1208.775 1208.711 1208.673 1208.588 1208.474 1208.316 1208.153 1207.983 1207.833 1207.633 1207.453 1207.218 1206.932 1206.706 1206.809 1206.886 1207.007 1207.192 1207.413 1207.538 1207.559 1207.416 1207.616 1207.621 1207.554 1207.521 1207.452 1207.298 1207.108 1206.951 1206.791 1206.637 1206.463 1206.418 1206.371 1206.305 1206.23 1206.149 1206.041 1205.895 1205.805 1205.669 1205.514 1205.293 1205.048 1204.807 1204.558
1209.448 1209.385 1209.324 1209.281 1209.25 1209.224 1209.217 1209.211 1209.201 1209.217 1209.214 1209.19 1209.121 1209.035 1208.913 1208.806 1208.71 1208.624 1208.535 1208.459 1208.321 1208.168 1207.994 1207.821 1207.671 1207.484 1207.289 1207.092 1206.862 1206.624 1206.517 1206.593 1206.748 1206.928 1207.139 1207.311 1207.355 1207.174 1207.429 1207.481 1207.367 1207.302 1207.216 1207.118 1206.954 1206.774 1206.576 1206.406 1206.24 1206.118 1206.1 1206.05 1205.988 1205.905 1205.784 1205.622 1205.507 1205.366 1205.205 1205.023 1204.797 1204.58 1204.337
1209.526 1209.467 1209.406 1209.351 1209.3 1209.251 1209.222 1209.184 1209.187 1209.167 1209.162 1209.135 1209.08 1208.965 1208.855 1208.736 1208.625 1208.491 1208.355 1208.246 1208.11 1207.953 1207.784 1207.626 1207.471 1207.328 1207.137 1206.926 1206.726 1206.532 1206.374 1206.318 1206.464 1206.666 1206.88 1207.065 1207.109 1206.93 1207.265 1207.281 1207.154 1207.057 1206.995 1206.916 1206.752 1206.548 1206.326 1206.13 1205.958 1205.806 1205.825 1205.79 1205.74 1205.648 1205.509 1205.328 1205.181 1205.027 1204.887 1204.717 1204.562 1204.353 1204.089
1209.622 1209.552 1209.499 1209.419 1209.322 1209.245 1209.189 1209.116 1209.112 1209.082 1209.07 1209.046 1208.984 1208.874 1208.749 1208.622 1208.49 1208.308 1208.118 1207.95 1207.826 1207.673 1207.513 1207.374 1207.231 1207.102 1206.923 1206.719 1206.542 1206.382 1206.263 1206.105 1206.203 1206.386 1206.593 1206.784 1206.84 1206.725 1207.099 1207.053 1206.934 1206.846 1206.78 1206.674 1206.522 1206.298 1206.057 1205.849 1205.676 1205.539 1205.554 1205.515 1205.472 1205.367 1205.204 1205.004 1204.855 1204.735 1204.583 1204.449 1204.27 1204.093 1203.861
1209.844 1209.827 1209.766 1209.664 1209.531 1209.44 1209.33 1209.219 1209.199 1209.164 1209.135 1209.095 1209.038 1208.927 1208.79 1208.638 1208.446 1208.233 1207.989 1207.755 1207.579 1207.411 1207.249 1207.097 1206.956 1206.818 1206.651 1206.495 1206.336 1206.222 1206.153 1206.092 1205.981 1206.128 1206.316 1206.536 1206.585 1206.534 1206.957 1206.887 1206.758 1206.646 1206.536 1206.406 1206.257 1206.026 1205.794 1205.611 1205.489 1205.308 1205.301 1205.245 1205.171 1205.048 1204.939 1204.759 1204.613 1204.474 1204.321 1204.178 1203.996 1203.798 1203.604
1209.775 1209.734 1209.701 1209.599 1209.473 1209.343 1209.211 1209.126 1209.098 1209.066 1209.031 1209.006 1208.953 1208.9 1208.781 1208.608 1208.382 1208.163 1207.924 1207.675 1207.434 1207.234 1207.085 1206.914 1206.779 1206.694 1206.61 1206.502 1206.399 1206.281 1206.215 1206.113 1205.963 1205.934 1206.207 1206.319 1206.34 1206.318 1206.818 1206.75 1206.595 1206.466 1206.323 1206.171 1205.986 1205.773 1205.565 1205.411 1205.276 1205.14 1205.105 1205.031 1204.908 1204.791 1204.662 1204.502 1204.351 1204.185 1204.068 1203.9 1203.716 1203.55 1203.42
1209.809 1209.725 1209.636 1209.509 1209.373 1209.219 1209.075 1208.992 1208.955 1208.917 1208.883 1208.858 1208.8 1208.775 1208.66 1208.46 1208.215 1207.94 1207.678 1207.423 1207.162 1206.915 1206.642 1206.552 1206.465 1206.326 1206.211 1206.128 1206.066 1205.964 1205.873 1205.862 1205.777 1205.651 1205.91 1206.03 1206.104 1206.102 1206.569 1206.561 1206.388 1206.262 1206.116 1205.952 1205.74 1205.549 1205.349 1205.186 1205.03 1204.948 1204.852 1204.803 1204.7 1204.613 1204.486 1204.334 1204.189 1204.031 1203.907 1203.734 1203.604 1203.446 1203.337
1209.784 1209.667 1209.534 1209.388 1209.231 1209.071 1208.943 1208.849 1208.791 1208.76 1208.744 1208.73 1208.708 1208.686 1208.612 1208.447 1208.209 1207.932 1207.624 1207.298 1207.016 1206.741 1206.472 1206.197 1206.158 1206.082 1206.007 1205.918 1205.841 1205.721 1205.596 1205.609 1205.565 1205.4 1205.626 1205.773 1205.844 1205.943 1206.279 1206.309 1206.138 1205.974 1205.82 1205.646 1205.433 1205.212 1204.99 1204.865 1204.74 1204.576 1204.441 1204.465 1204.37 1204.281 1204.159 1204.031 1203.903 1203.776 1203.679 1203.529 1203.434 1203.312 1203.195
1209.672 1209.553 1209.402 1209.234 1209.068 1208.902 1208.766 1208.651 1208.588 1208.558 1208.53 1208.524 1208.525 1208.547 1208.523 1208.415 1208.204 1207.893 1207.525 1207.171 1206.859 1206.598 1206.328 1206.077 1205.885 1205.812 1205.738 1205.655 1205.583 1205.505 1205.383 1205.355 1205.372 1205.24 1205.427 1205.536 1205.55 1205.775 1206.04 1206.045 1205.889 1205.704 1205.542 1205.319 1205.131 1204.921 1204.707 1204.541 1204.429 1204.314 1204.162 1204.136 1204.042 1203.946 1203.847 1203.705 1203.592 1203.499 1203.397 1203.266 1203.186 1203.101 1202.979
1209.588 1209.461 1209.288 1209.104 1208.922 1208.74 1208.578 1208.452 1208.382 1208.349 1208.294 1208.288 1208.293 1208.327 1208.301 1208.215 1208.049 1207.809 1207.47 1207.069 1206.701 1206.4 1206.132 1205.872 1205.659 1205.571 1205.488 1205.389 1205.297 1205.237 1205.149 1205.11 1205.199 1205.116 1205.197 1205.26 1205.271 1205.442 1205.786 1205.778 1205.647 1205.481 1205.309 1205.135 1204.934 1204.723 1204.534 1204.332 1204.186 1204.106 1203.939 1203.891 1203.797 1203.668 1203.558 1203.438 1203.344 1203.249 1203.141 1203.049 1202.984 1202.913 1202.813
1209.563 1209.411 1209.221 1209.02 1208.813 1208.612 1208.447 1208.319 1208.194 1208.129 1208.12 1208.124 1208.105 1208.11 1208.102 1208.044 1207.922 1207.733 1207.426 1207.023 1206.571 1206.217 1205.963 1205.698 1205.492 1205.352 1205.264 1205.15 1205.053 1204.976 1204.935 1204.926 1205.049 1204.976 1204.955 1205.005 1205.037 1205.048 1205.426 1205.5 1205.369 1205.209 1205.113 1204.941 1204.741 1204.543 1204.329 1204.153 1203.968 1203.888 1203.769 1203.711 1203.595 1203.44 1203.315 1203.226 1203.126 1203.036 1202.954 1202.911 1202.865 1202.792 1202.737
1209.536 1209.361 1209.166 1208.95 1208.733 1208.52 1208.335 1208.185 1208.068 1207.948 1207.917 1207.911 1207.895 1207.896 1207.882 1207.859 1207.785 1207.63 1207.338 1206.926 1206.474 1206.105 1205.845 1205.582 1205.365 1205.182 1205.082 1204.968 1204.869 1204.791 1204.79 1204.785 1204.878 1204.826 1204.772 1204.768 1204.792 1204.831 1205.063 1205.109 1205.051 1204.95 1204.852 1204.739 1204.561 1204.348 1204.16 1203.964 1203.807 1203.711 1203.618 1203.535 1203.418 1203.286 1203.153 1203.064 1202.958 1202.905 1202.83 1202.786 1202.76 1202.716 1202.665
1209.464 1209.282 1209.077 1208.867 1208.627 1208.4 1208.2 1208.071 1207.947 1207.802 1207.694 1207.728 1207.69 1207.663 1207.641 1207.636 1207.595 1207.469 1207.207 1206.808 1206.374 1206.02 1205.737 1205.477 1205.241 1205.068 1204.939 1204.846 1204.733 1204.655 1204.663 1204.643 1204.702 1204.707 1204.676 1204.628 1204.637 1204.592 1204.725 1204.752 1204.767 1204.705 1204.643 1204.544 1204.391 1204.194 1204.023 1203.837 1203.701 1203.575 1203.481 1203.369 1203.278 1203.173 1203.047 1202.96 1202.907 1202.851 1202.758 1202.683 1202.652 1202.63 1202.539
1209.401 1209.199 1208.995 1208.777 1208.545 1208.32 1208.115 1207.955 1207.813 1207.705 1207.553 1207.508 1207.484 1207.46 1207.428 1207.403 1207.379 1207.292 1207.083 1206.726 1206.296 1205.928 1205.629 1205.376 1205.142 1204.969 1204.815 1204.748 1204.659 1204.564 1204.55 1204.55 1204.568 1204.589 1204.571 1204.489 1204.455 1204.387 1204.482 1204.456 1204.485 1204.49 1204.465 1204.368 1204.232 1204.072 1203.917 1203.74 1203.602 1203.46 1203.353 1203.247 1203.154 1203.036 1202.932 1202.871 1202.831 1202.762 1202.694 1202.641 1202.591 1202.547 1202.486
1209.378 1209.146 1208.912 1208.684 1208.46 1208.255 1208.047 1207.875 1207.737 1207.615 1207.491 1207.383 1207.332 1207.292 1207.247 1207.201 1207.173 1207.115 1206.964 1206.649 1206.23 1205.843 1205.545 1205.31 1205.095 1204.905 1204.735 1204.668 1204.582 1204.483 1204.423 1204.437 1204.442 1204.463 1204.474 1204.406 1204.297 1204.231 1204.293 1204.253 1204.268 1204.306 1204.305 1204.249 1204.117 1203.963 1203.823 1203.642 1203.503 1203.358 1203.228 1203.148 1203.034 1202.934 1202.835 1202.778 1202.708 1202.655 1202.604 1202.539 1202.476 1202.432 1202.393
1209.358 1209.111 1208.837 1208.598 1208.372 1208.169 1207.978 1207.802 1207.644 1207.506 1207.393 1207.297 1207.222 1207.154 1207.105 1207.038 1206.986 1206.926 1206.807 1206.521 1206.124 1205.761 1205.481 1205.241 1205.011 1204.822 1204.668 1204.579 1204.489 1204.413 1204.353 1204.334 1204.341 1204.362 1204.37 1204.334 1204.182 1204.108 1204.137 1204.097 1204.097 1204.125 1204.165 1204.184 1204.055 1203.868 1203.719 1203.566 1203.426 1203.28 1203.131 1203.039 1202.941 1202.829 1202.752 1202.661 1202.584 1202.544 1202.491 1202.451 1202.388 1202.306 1202.24
