Loess_Tablelands_Python_scripts/og_surf6.txt
ncols         626
nrows         626
xllcorner     0
yllcorner     0
cellsize      10.0
NODATA_value  -9999
[rows 168 to 195 of 626, columns 504 to 566 of 626]
1190.122 1190.164 1190.186 1190.207 1190.227 1190.265 1190.387 1190.55 1190.726 1190.938 1191.157 1191.365 1191.549 1191.713 1191.84 1191.913 1191.899 1191.913 1191.896 1191.724 1192.167 1191.851 1191.55 1191.52 1191.45 1191.37 1191.333 1191.28 1191.259 1191.224 1191.192 1191.162 1191.142 1191.101 1191.035 1190.953 1190.895 1190.859 1190.829 1190.79 1190.797 1190.807 1190.789 1190.803 1190.818 1190.873 1190.957 1190.959 1190.893 1190.803 1190.715 1190.628 1190.525 1190.403 1190.31 1190.245 1190.199 1190.165 1190.162 1190.166 1190.186 1190.203 1190.259
1190.355 1190.372 1190.401 1190.433 1190.455 1190.459 1190.526 1190.677 1190.838 1191.023 1191.214 1191.408 1191.572 1191.731 1191.856 1191.916 1191.942 1191.982 1191.978 1191.797 1192.291 1191.974 1191.627 1191.621 1191.565 1191.487 1191.442 1191.389 1191.347 1191.291 1191.235 1191.181 1191.148 1191.1 1191.021 1190.934 1190.862 1190.814 1190.781 1190.776 1190.769 1190.776 1190.764 1190.776 1190.777 1190.814 1190.9 1190.932 1190.887 1190.811 1190.745 1190.666 1190.556 1190.446 1190.362 1190.314 1190.283 1190.243 1190.239 1190.255 1190.291 1190.313 1190.376
1190.507 1190.541 1190.582 1190.617 1190.638 1190.655 1190.695 1190.77 1190.905 1191.091 1191.255 1191.388 1191.575 1191.725 1191.852 1191.926 1191.952 1191.996 1192.008 1191.854 1192.385 1192.004 1191.723 1191.727 1191.674 1191.616 1191.568 1191.506 1191.444 1191.375 1191.298 1191.224 1191.164 1191.095 1191.01 1190.917 1190.851 1190.817 1190.792 1190.79 1190.768 1190.767 1190.777 1190.79 1190.809 1190.813 1190.826 1190.863 1190.846 1190.794 1190.728 1190.65 1190.546 1190.454 1190.381 1190.337 1190.309 1190.277 1190.271 1190.279 1190.313 1190.333 1190.37
1190.612 1190.663 1190.714 1190.758 1190.783 1190.794 1190.817 1190.857 1190.95 1191.105 1191.256 1191.373 1191.509 1191.664 1191.772 1191.871 1191.916 1191.977 1192.015 1191.875 1192.514 1192.001 1191.811 1191.829 1191.798 1191.746 1191.703 1191.631 1191.563 1191.465 1191.378 1191.287 1191.199 1191.117 1191.016 1190.912 1190.839 1190.803 1190.781 1190.766 1190.77 1190.766 1190.761 1190.771 1190.792 1190.787 1190.801 1190.823 1190.819 1190.797 1190.737 1190.657 1190.572 1190.486 1190.426 1190.375 1190.348 1190.33 1190.328 1190.335 1190.359 1190.366 1190.4
1190.702 1190.753 1190.822 1190.875 1190.908 1190.926 1190.942 1190.958 1191.027 1191.114 1191.255 1191.369 1191.498 1191.603 1191.717 1191.823 1191.898 1191.97 1192.015 1191.872 1192.563 1192.06 1191.888 1191.933 1191.921 1191.873 1191.843 1191.778 1191.708 1191.608 1191.484 1191.383 1191.272 1191.165 1191.067 1190.951 1190.872 1190.825 1190.821 1190.824 1190.789 1190.788 1190.787 1190.797 1190.792 1190.786 1190.809 1190.826 1190.843 1190.829 1190.766 1190.692 1190.614 1190.527 1190.466 1190.402 1190.374 1190.377 1190.393 1190.392 1190.401 1190.407 1190.469
1190.755 1190.834 1190.893 1190.944 1190.982 1191.01 1191.031 1191.06 1191.084 1191.143 1191.225 1191.338 1191.451 1191.547 1191.655 1191.77 1191.852 1191.946 1192.005 1191.862 1192.559 1192.157 1191.961 1192.027 1192.015 1191.991 1191.961 1191.909 1191.849 1191.749 1191.626 1191.478 1191.337 1191.208 1191.081 1190.98 1190.922 1190.875 1190.859 1190.844 1190.811 1190.806 1190.803 1190.803 1190.8 1190.805 1190.818 1190.828 1190.854 1190.841 1190.775 1190.716 1190.638 1190.573 1190.513 1190.455 1190.438 1190.44 1190.431 1190.422 1190.436 1190.46 1190.524
1190.811 1190.9 1190.955 1191.008 1191.037 1191.081 1191.108 1191.146 1191.177 1191.202 1191.246 1191.315 1191.405 1191.498 1191.6 1191.689 1191.788 1191.9 1191.971 1191.847 1192.544 1192.169 1192.012 1192.095 1192.089 1192.08 1192.06 1192.031 1191.966 1191.882 1191.756 1191.578 1191.404 1191.243 1191.127 1191.062 1191.006 1190.964 1190.936 1190.91 1190.872 1190.862 1190.839 1190.817 1190.828 1190.84 1190.84 1190.839 1190.839 1190.834 1190.791 1190.73 1190.65 1190.567 1190.498 1190.471 1190.465 1190.467 1190.453 1190.455 1190.474 1190.484 1190.528
1190.848 1190.958 1191.031 1191.056 1191.088 1191.109 1191.155 1191.197 1191.205 1191.233 1191.269 1191.305 1191.353 1191.424 1191.514 1191.601 1191.714 1191.83 1191.919 1191.808 1192.507 1192.061 1192.04 1192.131 1192.141 1192.15 1192.139 1192.135 1192.07 1191.989 1191.861 1191.656 1191.47 1191.318 1191.199 1191.11 1191.025 1190.976 1190.948 1190.914 1190.891 1190.878 1190.854 1190.834 1190.85 1190.867 1190.883 1190.893 1190.888 1190.886 1190.877 1190.815 1190.734 1190.641 1190.577 1190.545 1190.516 1190.503 1190.482 1190.498 1190.529 1190.549 1190.593
1190.922 1191.009 1191.078 1191.111 1191.125 1191.144 1191.178 1191.201 1191.21 1191.235 1191.281 1191.299 1191.314 1191.346 1191.415 1191.532 1191.625 1191.74 1191.857 1191.77 1192.396 1192 1192 1192.11 1192.141 1192.169 1192.171 1192.181 1192.155 1192.07 1191.943 1191.77 1191.602 1191.427 1191.276 1191.172 1191.07 1190.992 1190.944 1190.899 1190.883 1190.864 1190.845 1190.844 1190.848 1190.872 1190.904 1190.919 1190.914 1190.893 1190.846 1190.787 1190.703 1190.634 1190.591 1190.574 1190.547 1190.54 1190.529 1190.526 1190.548 1190.557 1190.595
1191.024 1191.073 1191.113 1191.139 1191.148 1191.173 1191.189 1191.203 1191.22 1191.229 1191.264 1191.279 1191.294 1191.299 1191.36 1191.463 1191.549 1191.641 1191.745 1191.711 1192.304 1191.967 1191.913 1192.036 1192.041 1192.059 1192.09 1192.125 1192.152 1192.113 1192.03 1191.899 1191.735 1191.56 1191.385 1191.263 1191.153 1191.058 1190.987 1190.941 1190.91 1190.902 1190.89 1190.899 1190.905 1190.919 1190.946 1190.966 1190.973 1190.939 1190.874 1190.802 1190.722 1190.656 1190.594 1190.55 1190.534 1190.536 1190.547 1190.543 1190.547 1190.547 1190.578
1191.081 1191.121 1191.147 1191.158 1191.156 1191.177 1191.193 1191.203 1191.214 1191.219 1191.225 1191.242 1191.26 1191.266 1191.302 1191.357 1191.455 1191.54 1191.662 1191.63 1192.159 1191.817 1191.807 1191.878 1191.917 1191.918 1191.947 1192.017 1192.093 1192.135 1192.12 1192.032 1191.897 1191.728 1191.535 1191.37 1191.248 1191.144 1191.064 1191.006 1190.965 1190.964 1190.962 1190.949 1190.945 1190.959 1190.993 1191.032 1191.059 1191.031 1190.973 1190.872 1190.784 1190.702 1190.622 1190.562 1190.554 1190.56 1190.568 1190.564 1190.56 1190.574 1190.597
1191.13 1191.151 1191.177 1191.164 1191.155 1191.161 1191.175 1191.185 1191.178 1191.19 1191.198 1191.209 1191.226 1191.227 1191.258 1191.287 1191.361 1191.444 1191.562 1191.574 1192.08 1191.659 1191.67 1191.728 1191.749 1191.751 1191.783 1191.864 1191.969 1192.096 1192.159 1192.146 1192.054 1191.894 1191.69 1191.493 1191.358 1191.242 1191.146 1191.096 1191.057 1191.061 1191.059 1191.033 1191.043 1191.037 1191.062 1191.117 1191.127 1191.124 1191.069 1190.979 1190.876 1190.773 1190.678 1190.615 1190.604 1190.609 1190.597 1190.593 1190.592 1190.613 1190.629
1191.159 1191.172 1191.188 1191.166 1191.156 1191.141 1191.142 1191.16 1191.131 1191.136 1191.143 1191.164 1191.204 1191.202 1191.222 1191.23 1191.266 1191.355 1191.425 1191.513 1191.972 1191.556 1191.551 1191.597 1191.6 1191.598 1191.63 1191.696 1191.812 1191.98 1192.125 1192.2 1192.148 1192.003 1191.817 1191.626 1191.469 1191.333 1191.223 1191.165 1191.128 1191.105 1191.097 1191.077 1191.078 1191.095 1191.104 1191.144 1191.175 1191.182 1191.15 1191.068 1190.951 1190.828 1190.72 1190.658 1190.631 1190.625 1190.608 1190.613 1190.615 1190.624 1190.647
1191.185 1191.205 1191.19 1191.181 1191.153 1191.133 1191.123 1191.122 1191.102 1191.113 1191.13 1191.145 1191.163 1191.158 1191.18 1191.213 1191.242 1191.305 1191.339 1191.474 1191.891 1191.478 1191.457 1191.498 1191.488 1191.485 1191.517 1191.565 1191.677 1191.838 1192.034 1192.176 1192.201 1192.07 1191.911 1191.744 1191.574 1191.428 1191.328 1191.253 1191.186 1191.153 1191.131 1191.118 1191.117 1191.133 1191.123 1191.146 1191.186 1191.214 1191.199 1191.121 1191.004 1190.876 1190.761 1190.689 1190.636 1190.614 1190.603 1190.623 1190.629 1190.646 1190.638
1191.216 1191.224 1191.202 1191.184 1191.152 1191.14 1191.126 1191.128 1191.111 1191.108 1191.132 1191.139 1191.164 1191.191 1191.201 1191.232 1191.243 1191.278 1191.281 1191.443 1191.777 1191.36 1191.375 1191.413 1191.406 1191.41 1191.444 1191.495 1191.579 1191.721 1191.902 1192.078 1192.184 1192.143 1192.009 1191.857 1191.695 1191.591 1191.459 1191.375 1191.3 1191.226 1191.189 1191.169 1191.182 1191.182 1191.17 1191.174 1191.194 1191.226 1191.217 1191.151 1191.05 1190.929 1190.826 1190.736 1190.669 1190.654 1190.627 1190.67 1190.674 1190.651 1190.661
1191.174 1191.165 1191.145 1191.123 1191.102 1191.077 1191.08 1191.067 1191.058 1191.069 1191.08 1191.106 1191.118 1191.15 1191.166 1191.202 1191.227 1191.25 1191.217 1191.427 1191.68 1191.264 1191.311 1191.35 1191.357 1191.375 1191.401 1191.469 1191.523 1191.619 1191.74 1191.906 1192.061 1192.096 1192.035 1191.901 1191.772 1191.661 1191.57 1191.487 1191.377 1191.285 1191.232 1191.209 1191.222 1191.199 1191.194 1191.197 1191.197 1191.215 1191.203 1191.149 1191.074 1190.972 1190.884 1190.78 1190.721 1190.685 1190.676 1190.698 1190.717 1190.706 1190.693
1191.095 1191.073 1191.074 1191.038 1191.036 1191.009 1191.004 1190.996 1191.002 1191.013 1191.021 1191.045 1191.061 1191.079 1191.103 1191.128 1191.154 1191.188 1191.159 1191.419 1191.65 1191.227 1191.275 1191.325 1191.354 1191.399 1191.435 1191.491 1191.523 1191.571 1191.661 1191.808 1191.951 1192.034 1192.011 1191.924 1191.824 1191.726 1191.644 1191.568 1191.461 1191.351 1191.28 1191.248 1191.24 1191.206 1191.2 1191.206 1191.2 1191.207 1191.173 1191.126 1191.071 1191.012 1190.917 1190.821 1190.742 1190.698 1190.7 1190.698 1190.698 1190.717 1190.71
1191.057 1191.039 1191.034 1191.023 1190.998 1190.98 1190.969 1190.97 1190.968 1190.975 1190.987 1190.997 1191.019 1191.025 1191.047 1191.062 1191.086 1191.12 1191.111 1191.401 1191.583 1191.19 1191.239 1191.306 1191.38 1191.438 1191.484 1191.519 1191.562 1191.608 1191.676 1191.78 1191.916 1192.024 1192.04 1191.982 1191.891 1191.783 1191.703 1191.626 1191.535 1191.438 1191.364 1191.318 1191.29 1191.263 1191.249 1191.252 1191.246 1191.251 1191.206 1191.161 1191.112 1191.04 1190.963 1190.889 1190.825 1190.762 1190.747 1190.763 1190.765 1190.765 1190.772
1191.042 1191.031 1191.008 1190.995 1190.979 1190.975 1190.964 1190.943 1190.954 1190.967 1190.975 1190.98 1190.994 1190.991 1191.009 1191.028 1191.074 1191.078 1191.05 1191.38 1191.465 1191.146 1191.171 1191.265 1191.377 1191.448 1191.504 1191.539 1191.578 1191.629 1191.682 1191.761 1191.875 1191.978 1192.012 1191.97 1191.882 1191.783 1191.7 1191.636 1191.562 1191.494 1191.425 1191.379 1191.349 1191.335 1191.325 1191.334 1191.317 1191.305 1191.289 1191.255 1191.194 1191.125 1191.051 1191.002 1190.921 1190.876 1190.829 1190.808 1190.827 1190.848 1190.833
1191.033 1191.009 1190.996 1190.979 1190.958 1190.961 1190.956 1190.933 1190.948 1190.955 1190.95 1190.964 1190.967 1190.972 1190.987 1191.012 1191.039 1191.033 1190.977 1191.392 1191.714 1191.166 1191.152 1191.238 1191.33 1191.405 1191.469 1191.506 1191.546 1191.589 1191.651 1191.721 1191.812 1191.887 1191.918 1191.871 1191.786 1191.707 1191.635 1191.584 1191.525 1191.469 1191.398 1191.359 1191.323 1191.316 1191.309 1191.299 1191.29 1191.276 1191.254 1191.23 1191.197 1191.12 1191.059 1190.99 1190.921 1190.875 1190.842 1190.837 1190.84 1190.853 1190.841
1191.02 1191.003 1190.99 1190.969 1190.952 1190.952 1190.941 1190.933 1190.928 1190.929 1190.913 1190.929 1190.936 1190.963 1190.979 1190.979 1190.987 1191.003 1190.917 1191.334 1191.68 1191.036 1191.049 1191.178 1191.298 1191.394 1191.477 1191.535 1191.577 1191.624 1191.675 1191.726 1191.81 1191.846 1191.846 1191.776 1191.684 1191.61 1191.565 1191.515 1191.456 1191.419 1191.361 1191.329 1191.295 1191.294 1191.3 1191.285 1191.279 1191.28 1191.268 1191.223 1191.179 1191.104 1191.06 1190.997 1190.945 1190.922 1190.917 1190.887 1190.871 1190.855 1190.862
1191.03 1191.008 1190.989 1190.972 1190.967 1190.948 1190.931 1190.932 1190.91 1190.913 1190.898 1190.907 1190.927 1190.937 1190.94 1190.949 1190.946 1190.982 1190.871 1191.301 1191.407 1190.913 1190.975 1191.068 1191.177 1191.302 1191.418 1191.516 1191.585 1191.651 1191.701 1191.739 1191.809 1191.82 1191.801 1191.726 1191.633 1191.549 1191.516 1191.489 1191.438 1191.402 1191.377 1191.343 1191.313 1191.315 1191.292 1191.284 1191.258 1191.245 1191.229 1191.185 1191.13 1191.082 1191.049 1191.002 1190.945 1190.916 1190.915 1190.873 1190.863 1190.856 1190.87
1191.046 1191.016 1190.996 1190.978 1190.974 1190.95 1190.928 1190.935 1190.913 1190.898 1190.893 1190.914 1190.919 1190.909 1190.924 1190.911 1190.935 1190.931 1190.795 1191.343 1191.249 1190.845 1190.93 1190.995 1191.078 1191.18 1191.323 1191.448 1191.537 1191.621 1191.69 1191.724 1191.757 1191.762 1191.749 1191.693 1191.617 1191.521 1191.471 1191.429 1191.378 1191.371 1191.349 1191.315 1191.299 1191.311 1191.299 1191.288 1191.274 1191.255 1191.244 1191.221 1191.205 1191.162 1191.094 1191.025 1190.944 1190.878 1190.845 1190.809 1190.799 1190.805 1190.795
1191.067 1191.032 1191.012 1190.983 1190.973 1190.959 1190.922 1190.913 1190.889 1190.882 1190.891 1190.878 1190.891 1190.9 1190.899 1190.902 1190.915 1190.901 1190.737 1191.331 1191.225 1190.794 1190.881 1190.922 1190.996 1191.069 1191.179 1191.312 1191.428 1191.533 1191.629 1191.679 1191.714 1191.747 1191.761 1191.746 1191.675 1191.562 1191.483 1191.429 1191.39 1191.354 1191.35 1191.349 1191.342 1191.32 1191.324 1191.311 1191.304 1191.293 1191.298 1191.3 1191.341 1191.336 1191.249 1191.122 1190.99 1190.905 1190.85 1190.817 1190.816 1190.813 1190.807
1191.099 1191.058 1191.029 1191.016 1191.007 1190.943 1190.916 1190.887 1190.9 1190.901 1190.886 1190.863 1190.857 1190.864 1190.857 1190.861 1190.857 1190.827 1190.665 1191.276 1191.241 1190.752 1190.832 1190.855 1190.917 1190.976 1191.023 1191.134 1191.266 1191.38 1191.491 1191.571 1191.639 1191.688 1191.719 1191.71 1191.67 1191.569 1191.479 1191.427 1191.399 1191.401 1191.379 1191.367 1191.361 1191.35 1191.369 1191.351 1191.344 1191.34 1191.356 1191.387 1191.48 1191.568 1191.498 1191.314 1191.104 1190.966 1190.883 1190.844 1190.827 1190.819 1190.826
1191.132 1191.086 1191.051 1191.012 1190.993 1190.966 1190.925 1190.917 1190.92 1190.907 1190.875 1190.868 1190.856 1190.836 1190.815 1190.792 1190.758 1190.726 1190.574 1191.276 1191.107 1190.713 1190.789 1190.813 1190.854 1190.895 1190.934 1191.011 1191.119 1191.224 1191.344 1191.464 1191.57 1191.637 1191.697 1191.715 1191.715 1191.645 1191.556 1191.48 1191.44 1191.414 1191.4 1191.392 1191.382 1191.393 1191.403 1191.388 1191.384 1191.385 1191.395 1191.454 1191.598 1191.775 1191.743 1191.543 1191.305 1191.09 1190.972 1190.9 1190.857 1190.858 1190.855
1191.182 1191.132 1191.086 1191.065 1191.014 1190.984 1190.946 1190.926 1190.913 1190.895 1190.89 1190.872 1190.846 1190.794 1190.723 1190.675 1190.604 1190.576 1190.461 1191.276 1190.959 1190.674 1190.743 1190.772 1190.807 1190.825 1190.876 1190.947 1191.012 1191.138 1191.265 1191.361 1191.46 1191.576 1191.654 1191.715 1191.769 1191.726 1191.639 1191.548 1191.477 1191.434 1191.421 1191.416 1191.409 1191.425 1191.416 1191.407 1191.41 1191.414 1191.412 1191.477 1191.614 1191.8 1191.859 1191.719 1191.482 1191.249 1191.057 1190.928 1190.898 1190.878 1190.894
1191.27 1191.211 1191.146 1191.097 1191.059 1191.015 1190.967 1190.94 1190.919 1190.9 1190.89 1190.859 1190.83 1190.737 1190.611 1190.53 1190.451 1190.421 1190.366 1191.208 1190.967 1190.643 1190.686 1190.704 1190.761 1190.791 1190.836 1190.893 1190.947 1191.043 1191.149 1191.279 1191.387 1191.509 1191.621 1191.719 1191.78 1191.774 1191.712 1191.631 1191.551 1191.494 1191.467 1191.445 1191.439 1191.444 1191.435 1191.426 1191.426 1191.427 1191.44 1191.479 1191.568 1191.682 1191.781 1191.762 1191.647 1191.451 1191.237 1191.04 1190.953 1190.935 1190.949
